,road,sidewalk,building,wall,fence,pole,traffic light,traffic sign,vegetation,terrain,sky,person,rider,car,truck,bus,train,motorcycle,bicycle,ignore
"51.49561,-0.26090_178",0.3146875,0.07951171875,0.02716552734375,0.03755126953125,NA,NA,NA,NA,0.4837548828125,0.0010986328125,0.049580078125,NA,NA,0.00321533203125,NA,NA,NA,NA,NA,0.00343505859375
"51.49561,-0.26090_268",0.31429931640625,0.08,0.0342919921875,0.01182373046875,0.04749267578125,0.00622314453125,NA,NA,0.50206298828125,NA,NA,NA,NA,0.00287841796875,NA,NA,NA,NA,NA,0.000927734375
"51.49561,-0.26090_88",0.24567138671875,0.1223681640625,0.1479541015625,0.01981689453125,NA,NA,NA,NA,0.44602783203125,NA,NA,0.00202392578125,NA,0.01113525390625,NA,NA,NA,NA,NA,0.00500244140625
"51.49561,-0.26090_358",0.3117822265625,0.08290283203125,0.12991455078125,0.03816162109375,NA,NA,NA,NA,0.38525146484375,NA,0.03466796875,NA,NA,0.01306884765625,NA,NA,NA,NA,NA,0.00425048828125
"51.49791,-0.26493_256",0.05432373046875,0.20930419921875,0.16716796875,NA,0.172333984375,NA,NA,NA,0.393388671875,NA,NA,NA,NA,NA,NA,NA,NA,NA,NA,0.0034814453125
"51.49791,-0.26493_166",0.3510986328125,0.0216845703125,0.0594091796875,0.04157958984375,0.03232666015625,NA,NA,NA,0.31229248046875,NA,0.16864990234375,NA,NA,0.0058251953125,NA,NA,NA,NA,NA,0.0071337890625
"51.49791,-0.26493_76",0.36126220703125,0.04292236328125,0.22728515625,NA,NA,NA,NA,0.001416015625,0.17103515625,NA,NA,NA,NA,0.001845703125,NA,NA,NA,NA,NA,0.1942333984375
"51.49791,-0.26493_346",0.33240234375,0.02072509765625,0.12716552734375,0.088125,NA,NA,NA,NA,0.27595703125,NA,0.14877685546875,NA,NA,NA,NA,NA,NA,NA,NA,0.00684814453125
"51.49614,-0.26490_87",0.2713916015625,0.0636328125,NA,NA,NA,NA,NA,NA,0.5239892578125,0.0649560546875,NA,NA,NA,0.049326171875,NA,NA,NA,NA,NA,0.0267041015625
"51.49614,-0.26490_357",0.18612548828125,0.12803466796875,0.01171142578125,0.00447998046875,0.0274169921875,NA,NA,NA,0.5816748046875,0.05416259765625,NA,NA,NA,0.0042626953125,NA,NA,NA,NA,NA,0.00213134765625
"51.49614,-0.26490_267",0.31280517578125,0.0430029296875,NA,NA,0.01159912109375,NA,NA,NA,0.43553955078125,0.02300537109375,0.10749267578125,NA,NA,0.04903564453125,NA,NA,NA,NA,NA,0.01751953125
"51.49614,-0.26490_177",0.32819091796875,0.01552978515625,NA,NA,NA,NA,NA,NA,0.42208984375,0.007978515625,0.1362841796875,NA,NA,0.0854248046875,NA,NA,NA,NA,NA,0.004501953125
"51.49560,-0.26729_322",0.32431884765625,0.0760888671875,0.1141552734375,0.0007373046875,NA,NA,NA,0.001328125,0.21501953125,0.00504638671875,NA,NA,NA,0.007138671875,NA,NA,NA,NA,NA,0.2561669921875
"51.49560,-0.26729_232",0.2036767578125,0.0461328125,0.11736572265625,0.00451904296875,NA,NA,NA,NA,0.2435107421875,NA,0.2509326171875,NA,NA,0.12288330078125,NA,NA,NA,NA,NA,0.01097900390625
"51.49560,-0.26729_142",0.210244140625,0.02704833984375,0.1586572265625,NA,0.01631591796875,NA,NA,NA,0.14150390625,0.0132177734375,0.265068359375,NA,NA,0.16335205078125,NA,NA,NA,NA,NA,0.00459228515625
"51.49560,-0.26729_52",0.1869189453125,0.04606689453125,0.1658935546875,0.0076611328125,0.01399658203125,NA,NA,NA,0.24391357421875,NA,0.1615966796875,NA,NA,0.17275634765625,NA,NA,NA,NA,NA,0.0011962890625
"51.49545,-0.26716_52",0.23242919921875,0.06040283203125,0.1741748046875,0.0264892578125,NA,NA,NA,NA,NA,NA,0.202001953125,NA,NA,0.07595703125,NA,NA,NA,NA,NA,0.228544921875
"51.49545,-0.26716_322",0.207900390625,NA,0.136171875,NA,NA,NA,NA,NA,0.21546630859375,0.00885009765625,NA,NA,NA,0.19808837890625,NA,NA,NA,NA,NA,0.23352294921875
"51.49545,-0.26716_232",0.17713623046875,0.01146484375,0.09009033203125,NA,NA,NA,NA,NA,0.37181396484375,NA,0.1411767578125,NA,NA,0.2032958984375,NA,NA,NA,NA,NA,0.00502197265625
"51.49545,-0.26716_142",0.28315185546875,0.02759521484375,0.072802734375,0.0032763671875,0.01711669921875,NA,NA,NA,0.3783935546875,NA,0.162216796875,NA,NA,0.0493408203125,NA,NA,NA,NA,NA,0.00610595703125
"51.49680,-0.26303_72",0.1704541015625,NA,NA,0.01027099609375,0.04161865234375,NA,NA,NA,0.29040283203125,NA,0.20197265625,0.0006982421875,NA,0.257216796875,NA,NA,NA,NA,NA,0.02736572265625
"51.49680,-0.26303_342",0.20853515625,NA,0.06747314453125,0.00398681640625,NA,NA,NA,NA,0.43052001953125,NA,NA,NA,NA,0.22585693359375,NA,NA,NA,NA,NA,0.0636279296875
"51.49680,-0.26303_162",0.20887451171875,0.01382080078125,0.0580029296875,NA,0.05072021484375,NA,NA,NA,NA,NA,0.3444482421875,NA,NA,0.18091552734375,NA,NA,NA,NA,NA,0.1432177734375
"51.49680,-0.26303_252",0.1517041015625,0.0161181640625,0.1492822265625,0.0101953125,NA,NA,NA,NA,NA,NA,0.30489990234375,NA,NA,0.22324462890625,NA,NA,NA,NA,NA,0.1445556640625
"51.49660,-0.26302_252",0.26773193359375,0.06428955078125,0.14455322265625,0.02849853515625,0.0189599609375,NA,NA,0.000751953125,NA,NA,0.3049169921875,NA,NA,0.05947998046875,NA,NA,NA,NA,NA,0.11081787109375
"51.49660,-0.26302_162",0.26635009765625,0.06953125,0.03929931640625,0.00306640625,0.0415234375,NA,NA,NA,0.19937744140625,NA,0.30673583984375,NA,NA,0.072373046875,NA,NA,NA,NA,NA,0.0017431640625
"51.49660,-0.26302_72",0.18910888671875,0.061376953125,0.0266796875,NA,0.067587890625,NA,NA,NA,0.3471240234375,NA,NA,NA,NA,0.13538330078125,NA,NA,NA,NA,NA,0.1727392578125
"51.49660,-0.26302_342",0.2740185546875,0.05249755859375,0.12127197265625,NA,0.04341064453125,NA,NA,NA,0.42289794921875,NA,NA,NA,NA,0.0805419921875,NA,NA,NA,NA,NA,0.005361328125
"51.49644,-0.26292_252",0.286474609375,0.09452392578125,0.19877197265625,0.0030029296875,NA,NA,NA,0.0016064453125,NA,NA,0.36357177734375,NA,NA,0.0137109375,NA,NA,NA,NA,NA,0.03833740234375
"51.49644,-0.26292_162",0.286533203125,0.07326904296875,0.08072265625,0.00138671875,0.08942138671875,NA,NA,NA,NA,NA,0.30953857421875,NA,NA,0.0485546875,NA,NA,NA,NA,NA,0.11057373046875
"51.49644,-0.26292_72",0.26829833984375,0.01977294921875,0.026533203125,0.00646240234375,0.03611328125,NA,NA,NA,0.30852294921875,NA,NA,NA,NA,0.1308740234375,NA,NA,NA,NA,0.000869140625,0.2025537109375
"51.49644,-0.26292_342",0.272197265625,0.02741455078125,0.0300244140625,NA,0.0422802734375,NA,NA,NA,0.310751953125,NA,NA,NA,NA,0.115283203125,NA,NA,NA,NA,NA,0.20204833984375
"51.49578,-0.26181_198",0.2806396484375,0.064052734375,NA,0.01810546875,NA,NA,NA,NA,0.3291162109375,0.00685791015625,NA,NA,NA,0.0536181640625,NA,NA,NA,NA,NA,0.24760986328125
"51.49578,-0.26181_108",0.194189453125,0.0372314453125,0.0860888671875,NA,NA,NA,NA,NA,0.43253173828125,NA,NA,NA,NA,0.15278564453125,NA,NA,NA,NA,NA,0.0971728515625
"51.49578,-0.26181_18",0.2710791015625,NA,0.140947265625,0.00104248046875,0.03269775390625,0.007060546875,NA,0.00294921875,0.108603515625,NA,0.30814453125,NA,NA,0.0889990234375,NA,NA,NA,NA,NA,0.0384765625
"51.49578,-0.26181_288",0.253642578125,0.07717529296875,0.0783203125,0.0261669921875,0.04119384765625,0.00782958984375,NA,NA,0.15394775390625,NA,0.296416015625,NA,NA,0.0634765625,NA,NA,NA,NA,NA,0.0018310546875
"51.49772,-0.26489_256",0.36278564453125,NA,0.15045654296875,NA,NA,NA,NA,NA,0.0773388671875,NA,0.303193359375,NA,NA,0.0321728515625,NA,NA,NA,NA,NA,0.074052734375
"51.49772,-0.26489_166",0.3691796875,NA,0.12869384765625,0.02157958984375,NA,NA,NA,NA,NA,NA,0.35792724609375,NA,NA,0.0519189453125,NA,NA,NA,NA,NA,0.07070068359375
"51.49772,-0.26489_346",0.3044140625,NA,0.09248046875,NA,NA,NA,NA,NA,NA,NA,0.278134765625,0.11942626953125,NA,0.073837890625,NA,NA,NA,NA,NA,0.13170654296875
"51.49772,-0.26489_76",0.308212890625,0.02769775390625,0.1551708984375,0.02580322265625,NA,NA,NA,NA,NA,NA,0.30544677734375,NA,NA,0.08875,NA,NA,NA,NA,NA,0.08891845703125
"51.49739,-0.26547_169",0.30750244140625,0.06468505859375,NA,0.03782958984375,0.01755615234375,NA,NA,NA,0.29941650390625,0.01771728515625,0.2113134765625,NA,NA,0.011025390625,NA,NA,NA,NA,NA,0.0329541015625
"51.49739,-0.26547_79",0.28469970703125,0.03802734375,0.061845703125,0.07438232421875,NA,NA,NA,NA,0.40687744140625,NA,0.07008544921875,NA,NA,0.0564453125,NA,NA,NA,NA,NA,0.00763671875
"51.49739,-0.26547_349",0.2568359375,0.0757275390625,0.03927490234375,0.00794677734375,0.04279541015625,NA,NA,NA,0.23481689453125,0.00680419921875,NA,NA,NA,0.067080078125,NA,NA,NA,NA,NA,0.26871826171875
"51.49739,-0.26547_259",0.2277685546875,0.1338671875,NA,0.0029248046875,0.0538916015625,NA,NA,NA,0.2708984375,NA,0.3084619140625,NA,NA,NA,NA,NA,NA,NA,NA,0.0021875
"51.49722,-0.26544_259",0.18256103515625,NA,0.08871826171875,NA,0.04250244140625,NA,NA,NA,0.22573974609375,0.00939208984375,0.2469140625,0.001806640625,NA,0.18542724609375,NA,NA,NA,NA,NA,0.0169384765625
"51.49722,-0.26544_169",0.3083251953125,0.05540771484375,0.1092578125,0.04012939453125,0.03521240234375,NA,NA,NA,NA,0.02811279296875,0.23473876953125,0.00201171875,NA,0.0115380859375,NA,NA,NA,NA,NA,0.17526611328125
"51.49722,-0.26544_79",0.23816162109375,0.0352099609375,0.109208984375,0.0719921875,0.0074365234375,0.00803466796875,NA,NA,0.23440673828125,0.00525146484375,0.20714599609375,NA,NA,0.080517578125,NA,NA,NA,NA,NA,0.00263427734375
"51.49722,-0.26544_349",0.207138671875,0.0111767578125,0.087705078125,NA,0.028466796875,NA,NA,NA,NA,0.0039892578125,0.24357177734375,NA,NA,0.1893408203125,NA,NA,NA,NA,NA,0.22861083984375
"51.49705,-0.26540_259",0.28083251953125,0.02942626953125,NA,0.00572998046875,0.01970458984375,NA,NA,NA,0.38951904296875,NA,0.13615966796875,0.00064208984375,NA,0.0778662109375,NA,NA,NA,NA,NA,0.06011962890625
"51.49705,-0.26540_169",0.235234375,0.0564111328125,NA,0.02577392578125,NA,NA,NA,NA,0.166708984375,0.005439453125,0.2823876953125,NA,NA,0.12591064453125,NA,NA,NA,NA,NA,0.1021337890625
"51.49705,-0.26540_79",0.20208740234375,0.05149169921875,0.11836181640625,0.07171630859375,NA,NA,NA,NA,0.1040087890625,NA,0.32382080078125,NA,NA,0.12457275390625,NA,NA,NA,NA,NA,0.0039404296875
"51.49705,-0.26540_349",0.26149169921875,0.04057861328125,NA,0.03540283203125,0.0251611328125,NA,NA,NA,0.23971923828125,NA,NA,NA,NA,0.07891357421875,NA,NA,NA,NA,NA,0.31873291015625
"51.49689,-0.26533_259",0.252705078125,0.0845703125,NA,0.0015185546875,NA,0.00715087890625,NA,NA,0.3255615234375,NA,0.1492919921875,NA,NA,0.04261962890625,NA,NA,NA,NA,NA,0.13658203125
"51.49689,-0.26533_169",0.2457177734375,0.0546044921875,0.08757080078125,0.01831298828125,0.01140625,NA,NA,NA,NA,0.01663818359375,0.20509521484375,NA,NA,0.089296875,NA,NA,NA,NA,NA,0.271357421875
"51.49689,-0.26533_79",0.16016845703125,0.0288525390625,0.06029296875,0.061669921875,NA,NA,NA,NA,0.2898046875,NA,0.18953369140625,NA,NA,0.18255859375,NA,NA,NA,NA,NA,0.027119140625
"51.49689,-0.26533_349",0.2732958984375,0.05748046875,NA,0.05890625,NA,0.01094482421875,NA,NA,0.29115966796875,NA,NA,NA,NA,0.05147705078125,NA,NA,NA,NA,NA,0.25673583984375
"51.49673,-0.26525_259",0.22170654296875,0.06225830078125,0.1451025390625,0.03609130859375,0.02238525390625,NA,NA,NA,0.189833984375,0.01384033203125,NA,NA,NA,0.1013427734375,NA,NA,NA,NA,NA,0.20743896484375
"51.49673,-0.26525_169",0.3321923828125,NA,0.09271240234375,0.02705810546875,NA,NA,NA,NA,0.2950341796875,0.0281298828125,0.1276513671875,NA,NA,0.00968505859375,NA,0.00954345703125,NA,NA,NA,0.0779931640625
"51.49673,-0.26525_79",0.136884765625,0.22196044921875,0.12362548828125,0.04818603515625,NA,NA,NA,NA,0.33036376953125,0.0269873046875,0.084970703125,0.00888916015625,NA,0.00751220703125,NA,0.0052783203125,NA,NA,NA,0.005341796875
"51.49673,-0.26525_349",0.28143310546875,NA,0.13327880859375,0.051767578125,NA,NA,NA,NA,0.185234375,0.00305419921875,0.24288330078125,NA,NA,0.09477294921875,NA,NA,NA,NA,NA,0.00757568359375
"51.49852,-0.26380_355",0.2651953125,0.039228515625,0.11870361328125,NA,NA,NA,NA,NA,0.3189013671875,NA,0.1657177734375,NA,NA,0.0824560546875,NA,NA,NA,NA,NA,0.00979736328125
"51.49852,-0.26380_265",0.29204345703125,NA,0.08505126953125,NA,0.020302734375,NA,NA,NA,0.315234375,NA,0.1593701171875,NA,NA,0.08098388671875,NA,NA,NA,NA,NA,0.04701416015625
"51.49852,-0.26380_175",0.188203125,0.02639892578125,0.0830078125,0.0246923828125,0.0203076171875,NA,NA,NA,0.426337890625,NA,NA,NA,NA,0.17429931640625,NA,NA,NA,NA,NA,0.0567529296875
"51.49852,-0.26380_85",0.2904052734375,0.01754638671875,0.06590576171875,0.01926025390625,NA,NA,NA,NA,0.34781982421875,NA,0.16822021484375,NA,NA,0.0843994140625,NA,NA,NA,NA,NA,0.00644287109375
"51.49849,-0.26411_355",0.26335693359375,0.07292724609375,0.12065673828125,0.0151904296875,0.00546875,NA,NA,NA,NA,NA,0.35668701171875,0.0008642578125,NA,0.08546630859375,NA,NA,NA,NA,NA,0.07938232421875
"51.49849,-0.26411_265",0.28876220703125,0.0213427734375,0.10610595703125,0.00637939453125,NA,NA,NA,NA,NA,NA,0.26024658203125,0.0010205078125,NA,0.11865478515625,NA,NA,NA,NA,NA,0.19748779296875
"51.49849,-0.26411_175",0.2661865234375,0.03514404296875,0.15262451171875,NA,NA,NA,NA,NA,NA,NA,0.24181640625,NA,NA,0.1061669921875,NA,NA,NA,NA,NA,0.1980615234375
"51.49849,-0.26411_85",0.31275634765625,0.06041015625,0.13354248046875,0.018896484375,0.00777587890625,NA,NA,NA,NA,NA,0.33766845703125,NA,NA,0.03017822265625,NA,NA,NA,NA,NA,0.09877197265625
"51.49757,-0.26547_349",0.297314453125,0.14437744140625,0.1016015625,0.0021484375,0.01787353515625,NA,NA,NA,0.28425048828125,NA,0.1484130859375,NA,NA,NA,NA,NA,NA,NA,NA,0.00402099609375
"51.49757,-0.26547_169",0.37358154296875,0.03275634765625,NA,0.00384033203125,0.0418798828125,NA,NA,NA,0.36711181640625,0.01011962890625,0.12935302734375,NA,NA,0.0188916015625,NA,NA,NA,NA,NA,0.0224658203125
"51.49757,-0.26547_259",0.15840576171875,0.25490966796875,0.1000830078125,0.0033837890625,0.022744140625,NA,NA,0.00171630859375,NA,0.00496826171875,0.36547607421875,NA,NA,NA,NA,NA,NA,NA,NA,0.08831298828125
"51.49757,-0.26547_79",0.33412841796875,0.03913330078125,0.01912353515625,NA,0.0406201171875,NA,NA,NA,0.4933251953125,0.03700927734375,NA,NA,NA,0.030478515625,NA,NA,NA,NA,NA,0.006181640625
"51.49752,-0.26484_256",0.36601318359375,NA,0.2078564453125,NA,NA,NA,NA,NA,0.12085205078125,NA,0.245908203125,NA,NA,0.0495361328125,NA,NA,NA,NA,NA,0.009833984375
"51.49752,-0.26484_166",0.3096044921875,NA,0.137978515625,NA,NA,NA,NA,NA,0.14336181640625,0.00682861328125,0.24442626953125,NA,NA,0.1441650390625,NA,NA,NA,NA,NA,0.01363525390625
"51.49752,-0.26484_76",0.24792236328125,NA,0.1504150390625,NA,NA,NA,NA,NA,NA,0.002744140625,0.3184912109375,NA,NA,0.22919921875,NA,NA,NA,NA,NA,0.05122802734375
"51.49752,-0.26484_346",0.28927001953125,0.06257568359375,0.149619140625,0.00282470703125,NA,NA,NA,NA,NA,NA,0.33548095703125,NA,NA,0.11862060546875,NA,NA,NA,NA,NA,0.04160888671875
"51.49591,-0.26638_297",0.27318603515625,0.15121337890625,0.05174072265625,NA,NA,NA,NA,0.00175048828125,0.11176513671875,0.01998291015625,NA,NA,NA,0.0221826171875,NA,NA,NA,NA,NA,0.3681787109375
"51.49591,-0.26638_207",0.33149169921875,0.05406494140625,NA,0.00212158203125,0.0371875,NA,NA,NA,0.2527001953125,NA,NA,NA,NA,0.02785400390625,NA,NA,NA,NA,NA,0.294580078125
"51.49591,-0.26638_117",0.34200927734375,0.05273681640625,0.0734423828125,0.01107421875,0.01682861328125,NA,NA,NA,0.3317236328125,NA,0.14771728515625,NA,NA,0.01954833984375,NA,NA,NA,NA,NA,0.00491943359375
"51.49591,-0.26638_27",0.27635498046875,0.158076171875,0.0327734375,0.02363037109375,NA,NA,NA,NA,0.2739697265625,0.01992919921875,0.20291259765625,NA,NA,0.00504638671875,NA,NA,NA,NA,NA,0.00730712890625
"51.49586,-0.26665_297",0.25530029296875,0.03764892578125,0.05874267578125,0.00179931640625,NA,NA,NA,NA,0.29976806640625,0.02072998046875,0.18113525390625,NA,NA,0.125673828125,NA,NA,NA,NA,NA,0.01920166015625
"51.49586,-0.26665_207",0.26020751953125,0.0174365234375,NA,0.0177978515625,NA,NA,NA,NA,0.5153564453125,NA,0.06163330078125,NA,NA,0.11826416015625,NA,NA,NA,NA,NA,0.00930419921875
"51.49586,-0.26665_117",0.2325341796875,0.0137109375,0.087431640625,0.00840087890625,NA,NA,NA,NA,0.4827490234375,0.00201171875,NA,NA,NA,0.13654541015625,NA,NA,NA,NA,NA,0.0366162109375
"51.49586,-0.26665_27",0.27114013671875,NA,0.05198974609375,0.0061279296875,NA,NA,NA,NA,0.29304931640625,0.014462890625,0.19742919921875,NA,NA,0.1533349609375,NA,NA,NA,NA,NA,0.0124658203125
"51.49582,-0.26692_297",0.21858154296875,0.02938720703125,0.07127197265625,0.01298828125,0.02046875,NA,NA,NA,0.3677685546875,NA,0.1218359375,0.00089111328125,NA,0.15412841796875,NA,NA,NA,NA,NA,0.00267822265625
"51.49582,-0.26692_207",0.2567041015625,0.01506103515625,0.130751953125,0.0164306640625,0.01359130859375,NA,NA,NA,NA,NA,0.1885986328125,NA,NA,0.13829345703125,NA,NA,NA,NA,NA,0.24056884765625
"51.49582,-0.26692_117",0.24662109375,0.0056005859375,0.12598388671875,0.02076416015625,0.01049072265625,NA,NA,NA,0.15463134765625,0.00152099609375,0.269931640625,NA,NA,0.15832275390625,NA,NA,NA,NA,NA,0.0061328125
"51.49582,-0.26692_27",0.23716552734375,0.033955078125,NA,0.01083251953125,NA,NA,NA,NA,0.39942626953125,NA,0.11308837890625,NA,NA,0.12730712890625,NA,NA,NA,NA,NA,0.07822509765625
"51.49578,-0.26719_297",0.31103271484375,NA,0.203427734375,0.00458251953125,NA,NA,NA,NA,NA,NA,0.27760009765625,NA,NA,0.009130859375,NA,NA,NA,NA,NA,0.19422607421875
"51.49578,-0.26719_207",0.2933154296875,0.05970703125,NA,0.00189697265625,0.041708984375,NA,NA,NA,0.3359912109375,NA,0.13562255859375,NA,NA,0.0552294921875,NA,NA,NA,NA,NA,0.0765283203125
"51.49578,-0.26719_117",0.31252197265625,0.07268798828125,0.08452392578125,0.0016455078125,0.042890625,NA,NA,NA,0.44116943359375,NA,0.0160693359375,NA,NA,0.02462646484375,NA,NA,NA,NA,NA,0.00386474609375
"51.49578,-0.26719_27",0.23533203125,0.02108642578125,0.19628662109375,0.00162109375,NA,NA,NA,NA,0.29677001953125,NA,0.09711669921875,NA,NA,0.1460205078125,NA,NA,NA,NA,0.00118408203125,0.00458251953125
"51.49774,-0.26546_259",0.2981298828125,0.05167236328125,0.16677978515625,0.033701171875,NA,NA,NA,NA,NA,0.00117919921875,0.3509375,NA,NA,0.058232421875,NA,NA,NA,NA,NA,0.03936767578125
"51.49774,-0.26546_169",0.32798583984375,0.09343994140625,NA,NA,0.046484375,0.009287109375,NA,0.0017333984375,0.12079345703125,0.00358154296875,0.35499755859375,NA,NA,NA,NA,NA,NA,NA,NA,0.04169677734375
"51.49774,-0.26546_79",0.10373046875,0.276337890625,NA,NA,0.08358642578125,0.0067919921875,NA,0.001787109375,0.26730712890625,NA,NA,NA,NA,NA,NA,NA,NA,NA,NA,0.260458984375
"51.49774,-0.26546_349",0.28981689453125,0.06762939453125,0.10048828125,0.02864990234375,0.041669921875,0.00661865234375,NA,NA,NA,NA,0.2934130859375,NA,NA,0.04327880859375,NA,NA,NA,NA,NA,0.12843505859375
"51.49701,-0.26305_252",0.25179443359375,0.06866455078125,0.15931640625,0.027724609375,0.018388671875,NA,NA,NA,NA,NA,0.16146240234375,NA,NA,0.06589111328125,NA,NA,NA,NA,NA,0.2467578125
"51.49701,-0.26305_72",0.22995361328125,0.04778076171875,NA,0.050478515625,0.02630615234375,NA,NA,NA,0.2336962890625,NA,0.21012451171875,NA,NA,0.10990234375,NA,NA,NA,NA,NA,0.0917578125
"51.49701,-0.26305_342",0.29523681640625,0.06091552734375,0.06391357421875,0.01942626953125,0.0428125,NA,NA,NA,0.236708984375,NA,0.23121826171875,NA,NA,0.04550048828125,NA,NA,NA,NA,NA,0.004267578125
"51.49701,-0.26305_162",0.26560791015625,0.02808837890625,0.08337890625,0.0526904296875,0.0060693359375,0.01759765625,NA,NA,0.1717041015625,NA,NA,NA,NA,0.10240966796875,NA,NA,NA,NA,NA,0.27245361328125
"51.49648,-0.26679_127",0.2454541015625,NA,NA,NA,NA,NA,NA,NA,0.24870849609375,0.08802001953125,0.3385986328125,NA,NA,0.03666259765625,NA,NA,NA,NA,NA,0.04255615234375
"51.49648,-0.26679_37",0.246298828125,NA,0.13490966796875,NA,0.01380615234375,NA,NA,NA,NA,0.0167138671875,0.3565380859375,NA,NA,0.14747314453125,NA,NA,NA,NA,NA,0.08426025390625
"51.49648,-0.26679_217",0.29435302734375,0.05478759765625,0.05933349609375,0.00599853515625,NA,NA,NA,NA,0.167470703125,0.0159130859375,0.36151611328125,NA,NA,0.0335888671875,NA,NA,NA,NA,NA,0.00703857421875
"51.49648,-0.26679_307",0.24591796875,0.02368408203125,0.1708154296875,0.01274169921875,NA,NA,NA,NA,NA,NA,0.37000244140625,NA,NA,0.143251953125,NA,NA,NA,NA,NA,0.03358642578125
"51.49639,-0.26699_307",0.1864599609375,0.03700439453125,0.1897216796875,NA,0.011064453125,NA,NA,NA,NA,0.01747314453125,0.36735595703125,NA,NA,0.170087890625,NA,NA,NA,NA,NA,0.02083251953125
"51.49639,-0.26699_217",0.3108251953125,0.07020751953125,0.05307861328125,NA,0.00539306640625,NA,NA,NA,NA,0.0112060546875,0.4121484375,NA,NA,0.014443359375,NA,NA,NA,NA,NA,0.12269775390625
"51.49639,-0.26699_127",0.2577099609375,0.06074951171875,NA,NA,NA,NA,NA,NA,0.18292236328125,0.02081298828125,0.4016259765625,NA,NA,0.0643408203125,NA,NA,NA,NA,NA,0.01183837890625
"51.49639,-0.26699_37",0.2531005859375,0.01866943359375,0.12615234375,0.00522705078125,NA,NA,NA,NA,0.0700341796875,0.00146484375,0.3785791015625,NA,NA,0.1424658203125,NA,NA,NA,NA,NA,0.004306640625
"51.49631,-0.26720_307",0.2809423828125,0.10014404296875,0.19683349609375,NA,NA,NA,NA,0.00111572265625,NA,NA,0.38841064453125,NA,NA,0.00121337890625,NA,NA,NA,NA,NA,0.03134033203125
"51.49631,-0.26720_217",0.26085693359375,0.02578125,NA,0.0026171875,NA,NA,NA,NA,0.18484619140625,NA,0.354404296875,NA,NA,0.1125732421875,NA,NA,NA,NA,NA,0.0589208984375
"51.49631,-0.26720_127",0.20444580078125,0.02548583984375,NA,NA,NA,NA,NA,NA,0.23973876953125,NA,0.35754150390625,NA,NA,0.16398681640625,NA,NA,NA,NA,NA,0.00880126953125
"51.49631,-0.26720_37",0.2844580078125,0.06197021484375,0.0741259765625,0.05196533203125,NA,NA,NA,NA,0.059287109375,0.0040185546875,0.4129248046875,NA,NA,0.04322021484375,NA,NA,NA,NA,NA,0.00802978515625
"51.49937,-0.26481_170",0.19385986328125,NA,0.2051025390625,0.00562744140625,NA,NA,NA,NA,NA,NA,0.28197509765625,NA,NA,0.19686279296875,NA,NA,NA,NA,NA,0.116572265625
"51.49937,-0.26481_80",0.24422607421875,0.01516845703125,0.2708154296875,0.0057958984375,NA,NA,NA,NA,0.06299072265625,NA,0.23811279296875,NA,NA,0.1586474609375,NA,NA,NA,NA,0.000732421875,0.0035107421875
"51.49937,-0.26481_260",0.21637939453125,NA,0.08085205078125,NA,NA,NA,NA,NA,0.35301025390625,NA,0.13015380859375,NA,NA,0.1979345703125,NA,NA,NA,NA,NA,0.021669921875
"51.49937,-0.26481_350",0.15615966796875,0.0119189453125,0.18986083984375,0.01091064453125,0.0184130859375,NA,NA,NA,0.25030029296875,NA,0.12895751953125,NA,NA,0.23171630859375,NA,NA,NA,NA,NA,0.0017626953125
"51.49614,-0.25579_175",0.07671875,0.29487548828125,NA,NA,0.03055419921875,0.02569580078125,NA,NA,0.37407470703125,0.06251953125,0.12867431640625,NA,NA,0.00292236328125,NA,NA,NA,NA,NA,0.00396484375
"51.49614,-0.25579_85",0.4471435546875,NA,NA,NA,NA,0.013154296875,NA,NA,0.11936767578125,0.0097265625,0.3726220703125,NA,NA,0.00520751953125,NA,NA,NA,NA,NA,0.0327783203125
"51.49614,-0.25579_355",0.392216796875,0.04267333984375,0.0259228515625,0.007392578125,NA,NA,NA,0.00668701171875,0.20959228515625,0.00219482421875,NA,0.000888671875,NA,NA,NA,NA,NA,NA,0.00220458984375,0.31022705078125
"51.49614,-0.25579_265",0.26913330078125,0.11924560546875,NA,0.003076171875,0.020341796875,NA,NA,NA,0.4745947265625,0.04184814453125,0.05733154296875,NA,NA,0.0038427734375,NA,NA,NA,NA,NA,0.0105859375
"51.49606,-0.25631_349",0.21994873046875,0.14654052734375,NA,0.06890380859375,0.02735107421875,0.00875732421875,NA,NA,0.26423095703125,NA,NA,NA,NA,NA,NA,NA,NA,NA,NA,0.264267578125
"51.49606,-0.25631_259",0.28229248046875,0.0704345703125,NA,0.0347900390625,0.01356689453125,NA,NA,NA,0.27130615234375,0.01780029296875,NA,NA,NA,0.0438818359375,NA,NA,NA,NA,NA,0.265927734375
"51.49606,-0.25631_169",0.30131591796875,0.01698486328125,NA,NA,NA,NA,NA,NA,0.38251708984375,0.04734130859375,0.158681640625,NA,NA,0.0911669921875,NA,NA,NA,NA,NA,0.0019921875
"51.49606,-0.25631_79",0.29942626953125,0.0717529296875,NA,0.01573974609375,0.01798583984375,NA,NA,NA,0.356845703125,0.0192138671875,0.17705078125,NA,NA,0.03994384765625,NA,NA,NA,NA,NA,0.002041015625
"51.49582,-0.25757_349",0.1610302734375,NA,0.048759765625,0.02354248046875,0.063837890625,0.0268701171875,NA,NA,0.3631982421875,NA,0.15278564453125,NA,NA,0.00177978515625,NA,NA,NA,NA,NA,0.15819580078125
"51.49582,-0.25757_259",0.35468994140625,NA,NA,0.02155029296875,NA,0.01686767578125,NA,NA,0.4979833984375,0.02563720703125,0.0648828125,NA,NA,0.0075634765625,NA,NA,NA,NA,NA,0.0108251953125
"51.49582,-0.25757_169",0.37082275390625,0.0310205078125,NA,NA,NA,NA,NA,NA,0.507509765625,0.04591796875,0.01672607421875,NA,NA,0.01625244140625,0.00905517578125,NA,NA,NA,NA,0.0026953125
"51.49582,-0.25757_79",0.36153076171875,0.01644287109375,0.0241845703125,NA,0.0406884765625,NA,NA,NA,0.2102783203125,0.04220458984375,0.27842041015625,NA,NA,0.01100830078125,NA,NA,NA,NA,NA,0.01524169921875
"51.49657,-0.26658_127",0.19256591796875,0.02036865234375,NA,NA,0.00795166015625,NA,NA,NA,0.16626220703125,0.02923095703125,0.3943505859375,NA,NA,0.15512451171875,NA,NA,NA,NA,NA,0.0341455078125
"51.49657,-0.26658_37",0.2605517578125,0.05658447265625,0.140556640625,0.0048828125,NA,NA,NA,NA,NA,0.012490234375,0.3323193359375,NA,NA,0.0759619140625,NA,NA,NA,NA,NA,0.11665283203125
"51.49657,-0.26658_307",0.200380859375,0.05619140625,0.16672607421875,0.022314453125,NA,NA,NA,NA,NA,NA,0.36227294921875,NA,NA,0.132783203125,NA,NA,NA,NA,NA,0.0593310546875
"51.49657,-0.26658_217",0.25025634765625,0.0321435546875,0.050244140625,0.0040380859375,NA,0.00873779296875,NA,NA,0.11978759765625,0.016171875,0.4036865234375,NA,NA,0.10710693359375,NA,NA,NA,NA,NA,0.0078271484375
"51.49847,-0.26528_259",0.3507080078125,0.014541015625,NA,0.00671142578125,NA,NA,NA,NA,0.21709716796875,0.003740234375,0.32929931640625,NA,NA,0.0446240234375,NA,NA,NA,NA,NA,0.03327880859375
"51.49847,-0.26528_169",0.27447509765625,0.08467529296875,0.14192626953125,0.00410400390625,0.00684814453125,NA,NA,NA,0.09644287109375,0.03173828125,0.3227880859375,NA,NA,0.03446044921875,NA,NA,NA,NA,NA,0.00254150390625
"51.49847,-0.26528_79",0.18368896484375,0.15934814453125,0.2523095703125,NA,NA,NA,NA,0.00151611328125,0.12313232421875,NA,0.2722705078125,NA,NA,0.0004443359375,NA,NA,NA,NA,NA,0.0072900390625
"51.49847,-0.26528_349",0.314326171875,0.0649072265625,0.12814208984375,0.00337158203125,NA,NA,NA,0.00137451171875,0.13724853515625,0.01154296875,0.3338232421875,NA,NA,0.00145263671875,NA,NA,NA,NA,NA,0.00381103515625
"51.49829,-0.26525_259",0.29140625,NA,0.03480712890625,0.0053125,0.01367431640625,NA,NA,NA,0.398623046875,NA,NA,NA,NA,0.048212890625,NA,NA,NA,NA,NA,0.2079638671875
"51.49829,-0.26525_169",0.35754150390625,NA,0.0600830078125,NA,0.00593994140625,NA,NA,NA,0.36782958984375,0.00606201171875,0.163427734375,NA,NA,0.0340673828125,NA,NA,NA,NA,NA,0.005048828125
"51.49829,-0.26525_349",0.3588037109375,NA,0.09923828125,NA,NA,NA,NA,NA,0.13298583984375,NA,0.3691064453125,NA,NA,0.0335107421875,NA,NA,NA,NA,NA,0.00635498046875
"51.49829,-0.26525_79",0.3949853515625,NA,0.1401416015625,NA,NA,NA,NA,NA,0.1337744140625,NA,0.28589599609375,NA,NA,0.04018798828125,NA,NA,NA,NA,NA,0.0050146484375
"51.49887,-0.26493_356",0.3361962890625,NA,0.05294189453125,0.001875,NA,NA,NA,NA,0.54225341796875,0.0431103515625,NA,NA,NA,0.0178125,NA,NA,NA,NA,0.00210205078125,0.00370849609375
"51.49887,-0.26493_266",0.39240966796875,NA,NA,NA,0.0062939453125,NA,NA,NA,0.5304150390625,0.005068359375,NA,NA,NA,0.02659423828125,NA,NA,NA,NA,NA,0.03921875
"51.49887,-0.26493_176",0.3928271484375,NA,0.090869140625,NA,0.011279296875,NA,NA,NA,0.47087158203125,NA,NA,NA,NA,0.02593994140625,NA,NA,NA,NA,NA,0.008212890625
"51.49887,-0.26493_86",0.32117919921875,0.00580322265625,0.060302734375,NA,NA,NA,NA,NA,0.570966796875,0.02429931640625,NA,NA,NA,0.0061376953125,NA,NA,NA,NA,NA,0.01131103515625
"51.49672,-0.26650_307",0.21304931640625,0.0150927734375,0.34715087890625,NA,0.00448974609375,NA,NA,NA,0.02857177734375,NA,0.2672900390625,NA,NA,0.1185791015625,NA,NA,NA,NA,NA,0.0057763671875
"51.49672,-0.26650_217",0.25179443359375,0.06275390625,0.2573046875,NA,NA,NA,NA,NA,0.05415283203125,0.00679443359375,0.297109375,NA,NA,0.00212890625,NA,NA,NA,NA,NA,0.06796142578125
"51.49672,-0.26650_127",0.31103759765625,NA,0.19449462890625,NA,NA,NA,NA,0.00154052734375,0.16142333984375,0.00800048828125,0.26445556640625,NA,0.00218994140625,0.0092041015625,NA,NA,NA,0.01090087890625,NA,0.0367529296875
"51.49672,-0.26650_37",0.29389404296875,0.08536865234375,0.26696044921875,NA,NA,NA,NA,0.00075439453125,0.128056640625,NA,0.20440673828125,NA,NA,0.00375244140625,NA,NA,NA,NA,NA,0.016806640625
"51.49576,-0.25787_259",0.358671875,0.0188818359375,NA,0.0167529296875,0.0294677734375,NA,NA,NA,0.2469140625,0.0228857421875,NA,NA,NA,0.01773681640625,NA,NA,NA,NA,NA,0.28868896484375
"51.49576,-0.25787_349",0.33466552734375,NA,0.0453515625,0.06154541015625,0.03021484375,0.0141162109375,NA,NA,0.34933349609375,NA,0.1447216796875,NA,NA,0.0049462890625,NA,NA,NA,NA,NA,0.01510498046875
"51.49576,-0.25787_169",0.26336181640625,0.016640625,NA,NA,NA,NA,NA,NA,0.50977294921875,0.0393701171875,0.03128173828125,NA,NA,0.136474609375,NA,NA,NA,NA,NA,0.00309814453125
"51.49576,-0.25787_79",0.27536865234375,NA,NA,0.03627197265625,NA,0.040712890625,NA,0.01190185546875,0.50020263671875,0.0229443359375,NA,NA,NA,0.07972412109375,0.00377685546875,NA,NA,NA,NA,0.0290966796875
"51.50049,-0.26489_354",0.26125244140625,0.0654833984375,0.16247314453125,0.05118408203125,NA,NA,NA,NA,NA,NA,0.31933349609375,NA,NA,0.0716015625,NA,NA,NA,NA,NA,0.068671875
"51.50049,-0.26489_264",0.274150390625,0.02390625,0.11884765625,0.03306396484375,0.00537841796875,NA,NA,NA,NA,NA,0.190849609375,NA,NA,0.1120751953125,NA,NA,NA,NA,NA,0.241728515625
"51.50049,-0.26489_84",0.3038916015625,0.07822998046875,0.127666015625,0.058212890625,NA,NA,NA,0.002109375,0.16013916015625,NA,0.25189208984375,NA,NA,0.00832275390625,NA,NA,NA,NA,NA,0.0095361328125
"51.50049,-0.26489_174",0.21412841796875,0.06507080078125,0.10393798828125,0.04881591796875,NA,NA,NA,NA,0.299443359375,NA,0.13840576171875,NA,NA,0.1045703125,NA,NA,NA,NA,NA,0.02562744140625
"51.49725,-0.26639_156",0.15802001953125,0.0429345703125,0.2806103515625,0.0283056640625,0.07942138671875,NA,NA,NA,0.1547412109375,NA,0.06681640625,NA,NA,0.18506591796875,NA,NA,NA,NA,NA,0.00408447265625
"51.49725,-0.26639_66",0.217607421875,NA,0.1470703125,0.0374072265625,0.04432861328125,NA,NA,NA,0.163330078125,NA,0.2113916015625,NA,NA,0.17867431640625,NA,NA,NA,NA,NA,0.0001904296875
"51.49725,-0.26639_336",0.2121630859375,0.02639892578125,0.14608154296875,NA,NA,NA,NA,NA,NA,NA,0.16207763671875,NA,NA,0.14578369140625,NA,NA,NA,NA,NA,0.3074951171875
"51.49725,-0.26639_246",0.26121826171875,0.0391748046875,0.11010498046875,0.00346435546875,0.0394775390625,NA,NA,NA,0.3948974609375,NA,0.042080078125,NA,NA,0.10662353515625,NA,NA,NA,NA,NA,0.002958984375
"51.49777,-0.26335_252",0.16755859375,0.021044921875,0.1512841796875,0.01859619140625,0.0115087890625,NA,NA,NA,0.154365234375,NA,0.27085693359375,NA,NA,0.203681640625,NA,NA,NA,NA,NA,0.001103515625
"51.49777,-0.26335_162",0.22769287109375,0.00809326171875,0.1797802734375,0.0192333984375,NA,NA,NA,NA,NA,NA,0.33447265625,NA,NA,0.1675390625,NA,NA,NA,NA,NA,0.0631884765625
"51.49777,-0.26335_72",0.178642578125,0.0343701171875,0.15962890625,0.0081103515625,NA,NA,NA,NA,0.2577197265625,NA,NA,NA,NA,0.1754736328125,NA,NA,NA,NA,NA,0.1860546875
"51.49777,-0.26335_342",0.26611572265625,0.04076171875,0.06260498046875,NA,NA,NA,NA,NA,0.3178759765625,NA,NA,NA,NA,0.09052490234375,NA,NA,NA,NA,NA,0.22211669921875
"51.49757,-0.26330_252",0.236689453125,0.049111328125,0.17709228515625,0.02456787109375,NA,NA,NA,NA,NA,NA,0.13640380859375,NA,NA,0.102138671875,NA,NA,NA,NA,NA,0.27399658203125
"51.49757,-0.26330_162",0.33687744140625,0.0241943359375,0.1189599609375,NA,NA,NA,NA,NA,0.133837890625,NA,0.3005810546875,NA,NA,0.08396728515625,NA,NA,NA,NA,NA,0.00158203125
"51.49757,-0.26330_342",0.2700537109375,0.05607666015625,0.09863037109375,0.02012939453125,NA,NA,NA,NA,0.32438720703125,0.004677734375,0.15302001953125,NA,NA,0.06517822265625,NA,NA,NA,NA,NA,0.0078466796875
"51.49757,-0.26330_72",0.3432666015625,0.028427734375,0.09714111328125,NA,0.00838623046875,0.0071484375,NA,NA,NA,NA,0.36103515625,NA,NA,0.04099853515625,NA,NA,NA,NA,NA,0.11359619140625
"51.49738,-0.26322_252",0.2700732421875,0.00969482421875,0.21440673828125,0.011630859375,NA,NA,NA,NA,0.14899658203125,NA,0.21183349609375,NA,NA,0.12794189453125,NA,NA,NA,NA,NA,0.00542236328125
"51.49738,-0.26322_162",0.2741357421875,0.0796435546875,0.10166015625,0.0022314453125,NA,NA,NA,NA,0.21742431640625,0.00884033203125,NA,NA,NA,0.0471240234375,NA,NA,NA,NA,NA,0.2689404296875
"51.49738,-0.26322_72",0.19230224609375,0.21058837890625,0.14319580078125,NA,NA,NA,NA,0.00141845703125,NA,NA,0.2179931640625,NA,NA,NA,NA,NA,NA,NA,NA,0.234501953125
"51.49738,-0.26322_342",0.2674560546875,0.06517822265625,0.1561328125,NA,NA,NA,NA,NA,0.1840283203125,0.0036865234375,NA,NA,NA,0.0845556640625,NA,NA,NA,NA,NA,0.23896240234375
"51.49719,-0.26313_252",0.11822509765625,0.02162109375,0.15306396484375,0.0131298828125,0.00900634765625,NA,NA,NA,NA,NA,0.2275830078125,NA,NA,0.2423681640625,NA,NA,NA,NA,NA,0.21500244140625
"51.49719,-0.26313_162",0.22359619140625,0.00608154296875,NA,NA,NA,NA,NA,NA,0.3129443359375,NA,0.18279296875,NA,NA,0.17342041015625,NA,NA,NA,NA,NA,0.10116455078125
"51.49719,-0.26313_72",0.191220703125,0.0221533203125,NA,NA,0.05062255859375,NA,NA,NA,0.20010009765625,NA,0.28876220703125,NA,NA,0.19503173828125,NA,NA,NA,NA,NA,0.052109375
"51.49719,-0.26313_342",0.2164892578125,0.01248046875,0.119951171875,0.0115283203125,NA,NA,NA,NA,0.17188720703125,NA,0.2818505859375,NA,NA,0.18080322265625,NA,NA,NA,NA,NA,0.005009765625
"51.49604,-0.26308_15",0.1589990234375,0.23902587890625,0.1922998046875,0.00436767578125,NA,NA,NA,NA,NA,NA,0.32716552734375,NA,NA,0.0437109375,NA,NA,NA,0.00304443359375,NA,0.03138671875
"51.49604,-0.26308_285",0.40541748046875,NA,NA,0.02159423828125,NA,NA,NA,NA,0.1938916015625,0.0044921875,0.26915771484375,NA,0.0026123046875,0.01037841796875,NA,0.02439208984375,NA,NA,0.00494140625,0.06312255859375
"51.49604,-0.26308_195",0.31209228515625,0.02156005859375,0.09791259765625,0.04464111328125,NA,0.005322265625,NA,NA,0.18662109375,0.00646484375,0.24173095703125,NA,0.00579345703125,0.06594970703125,NA,NA,NA,NA,0.007724609375,0.00418701171875
"51.49604,-0.26308_105",0.3014697265625,0.04267578125,0.14857421875,NA,NA,NA,NA,NA,NA,NA,0.3187060546875,NA,NA,0.09918701171875,NA,NA,NA,0.00131591796875,NA,0.0880712890625
"51.49570,-0.25817_349",0.10473876953125,0.24656005859375,0.03244140625,NA,0.09186279296875,NA,NA,NA,0.2619775390625,NA,0.243486328125,0.01123779296875,NA,NA,NA,NA,NA,NA,NA,0.0076953125
"51.49570,-0.25817_259",0.273681640625,0.11837890625,NA,0.00419921875,0.04343017578125,NA,NA,NA,0.4577685546875,0.0198828125,0.06634033203125,NA,NA,0.0130126953125,NA,NA,NA,NA,NA,0.0033056640625
"51.49570,-0.25817_169",0.3650830078125,0.02859619140625,NA,NA,NA,NA,NA,NA,0.54812744140625,0.0328076171875,NA,NA,NA,0.0187060546875,NA,NA,NA,NA,NA,0.0066796875
"51.49570,-0.25817_79",0.29826171875,0.09921875,0.026845703125,0.0015283203125,0.03412841796875,NA,NA,NA,0.33341552734375,0.03482666015625,0.162373046875,NA,0.002392578125,0.00090087890625,NA,NA,NA,NA,NA,0.0061083984375
"51.49559,-0.25878_349",0.3103515625,NA,0.01901611328125,0.12462890625,NA,NA,NA,NA,0.5104541015625,NA,0.03481689453125,NA,NA,NA,NA,NA,NA,NA,NA,0.000732421875
"51.49559,-0.25878_259",0.34246826171875,0.0307177734375,NA,0.06002197265625,NA,NA,NA,NA,0.491064453125,0.01284423828125,0.0508740234375,NA,NA,0.00343994140625,NA,NA,NA,NA,NA,0.0085693359375
"51.49559,-0.25878_169",0.33723876953125,0.05356689453125,NA,NA,0.0170361328125,NA,NA,NA,0.432373046875,0.0221142578125,0.1277978515625,NA,NA,NA,NA,NA,NA,NA,NA,0.009873046875
"51.49559,-0.25878_79",0.3390966796875,NA,NA,0.05505615234375,0.0324169921875,NA,NA,NA,0.5241162109375,0.01702392578125,0.0243115234375,NA,NA,0.00361572265625,NA,NA,NA,NA,NA,0.00436279296875
"51.49537,-0.26042_7",0.138037109375,0.21944580078125,0.160078125,0.0667626953125,0.0439501953125,NA,NA,NA,0.25946044921875,NA,0.111943359375,NA,NA,NA,NA,NA,NA,NA,NA,0.000322265625
"51.49537,-0.26042_277",0.28588134765625,0.10969482421875,0.09853515625,0.02413330078125,0.03419677734375,NA,NA,NA,0.292197265625,0.00306640625,0.15001953125,NA,NA,NA,NA,NA,NA,NA,NA,0.002275390625
"51.49537,-0.26042_97",0.3277197265625,0.08892578125,0.08004150390625,0.02933837890625,0.01339111328125,NA,NA,NA,0.181787109375,NA,NA,NA,NA,0.00239013671875,NA,0.006884765625,NA,NA,NA,0.269521484375
"51.49537,-0.26042_187",0.3826708984375,0.05080078125,0.015986328125,0.00634033203125,0.02088623046875,NA,NA,NA,0.2410009765625,0.005380859375,NA,NA,NA,NA,NA,NA,NA,NA,NA,0.27693359375
"51.49540,-0.26066_7",0.11282958984375,0.2335498046875,0.214560546875,0.0555126953125,0.05169921875,0.0181689453125,NA,NA,0.27695068359375,NA,0.035478515625,NA,NA,NA,NA,NA,NA,NA,NA,0.00125
"51.49540,-0.26066_277",0.34984619140625,0.03358642578125,0.0361572265625,0.028330078125,NA,0.01923583984375,NA,0.000576171875,0.50069091796875,0.02099853515625,0.002138671875,NA,NA,NA,0.00163330078125,NA,NA,NA,NA,0.006806640625
"51.49540,-0.26066_187",0.3277392578125,0.074658203125,NA,NA,NA,NA,NA,NA,0.52777099609375,0.04327392578125,NA,NA,NA,NA,NA,NA,NA,NA,NA,0.0265576171875
"51.49540,-0.26066_97",0.270283203125,0.116044921875,0.111279296875,0.026220703125,0.02622802734375,NA,NA,NA,0.4277197265625,0.013505859375,NA,0.00409912109375,NA,NA,NA,NA,NA,NA,NA,0.004619140625
"51.49556,-0.26166_10",0.24993896484375,NA,0.14171142578125,NA,0.09940673828125,NA,NA,0.00082275390625,0.16450439453125,NA,0.28922119140625,NA,NA,NA,NA,NA,NA,NA,NA,0.05439453125
"51.49556,-0.26166_280",0.2546875,NA,NA,0.03222900390625,NA,NA,NA,NA,0.39381591796875,0.01308349609375,0.14822509765625,NA,NA,0.147978515625,NA,NA,NA,NA,NA,0.00998046875
"51.49556,-0.26166_190",0.23746826171875,NA,NA,NA,NA,NA,NA,NA,0.448056640625,0.0286328125,0.07419921875,NA,NA,0.206220703125,NA,NA,NA,NA,NA,0.00542236328125
"51.49556,-0.26166_100",0.333759765625,NA,0.09616943359375,NA,0.039111328125,NA,NA,NA,0.20900390625,0.00576171875,0.2546875,NA,NA,0.04514404296875,NA,NA,NA,NA,NA,0.0163623046875
"51.49595,-0.25985_178",0.30963134765625,0.0608984375,0.0269287109375,NA,0.04632080078125,NA,NA,NA,0.43421630859375,NA,0.10022216796875,NA,NA,0.01412109375,NA,NA,NA,0.00311767578125,0.0021435546875,0.00239990234375
"51.49595,-0.25985_268",0.20407470703125,0.03926025390625,0.06967041015625,0.0076953125,0.0304931640625,NA,NA,NA,0.3592822265625,NA,0.1257568359375,NA,NA,0.1573828125,NA,NA,NA,NA,0.005087890625,0.00129638671875
"51.49595,-0.25985_358",0.2124365234375,NA,NA,NA,0.0081201171875,NA,NA,NA,0.22474365234375,NA,NA,NA,NA,0.2086474609375,NA,NA,NA,NA,NA,0.34605224609375
"51.49595,-0.25985_88",0.242548828125,0.0562060546875,0.11658935546875,NA,0.0367236328125,NA,NA,NA,0.3103564453125,NA,0.1462255859375,NA,NA,0.084951171875,NA,NA,NA,NA,NA,0.00639892578125
"51.49782,-0.26413_345",0.342265625,NA,NA,0.00362060546875,NA,NA,NA,NA,0.1555419921875,0.082939453125,0.3206103515625,NA,NA,NA,NA,NA,NA,NA,NA,0.09502197265625
"51.49782,-0.26413_255",0.3645068359375,0.04322265625,0.1174560546875,0.02358642578125,NA,NA,NA,NA,NA,0.03081298828125,0.3361767578125,NA,NA,NA,NA,NA,NA,NA,NA,0.08423828125
"51.49782,-0.26413_165",0.36712158203125,0.02327392578125,0.056689453125,0.02131103515625,0.00501953125,NA,NA,NA,0.22791748046875,0.048623046875,NA,NA,NA,NA,NA,NA,NA,NA,NA,0.2500439453125
"51.49782,-0.26413_75",0.12782958984375,0.199755859375,0.0051220703125,NA,NA,NA,NA,NA,0.3148046875,0.11538330078125,0.22103271484375,NA,NA,NA,NA,NA,NA,NA,NA,0.01607177734375
"51.49798,-0.26425_75",0.33781982421875,0.0573193359375,0.05013427734375,NA,NA,NA,NA,NA,NA,0.05843017578125,0.37713134765625,NA,NA,NA,NA,NA,NA,NA,NA,0.1191650390625
"51.49798,-0.26425_345",0.35375732421875,NA,0.11165283203125,0.00146240234375,0.0144580078125,NA,NA,NA,NA,0.0309521484375,0.3373095703125,NA,NA,NA,NA,NA,NA,NA,NA,0.15040771484375
"51.49798,-0.26425_255",0.2320361328125,0.13966552734375,0.0860205078125,0.006796875,0.02307861328125,NA,NA,NA,0.40691650390625,0.03261474609375,0.0695947265625,NA,NA,NA,NA,NA,NA,NA,NA,0.0032763671875
"51.49798,-0.26425_165",0.35913330078125,0.0267724609375,0.040908203125,0.0039794921875,NA,NA,NA,NA,0.26394287109375,0.0515673828125,NA,NA,NA,0.00197998046875,NA,NA,NA,NA,NA,0.25171630859375
"51.49810,-0.26571_338",0.3188427734375,0.043798828125,0.23128173828125,NA,0.02621337890625,NA,NA,NA,0.0318310546875,NA,0.29711181640625,NA,NA,0.0473828125,NA,NA,NA,NA,NA,0.00353759765625
"51.49810,-0.26571_248",0.383876953125,0.03154541015625,0.03896240234375,0.012685546875,0.0172705078125,NA,NA,NA,0.4492236328125,NA,0.0528125,NA,NA,0.005263671875,NA,NA,NA,0.0046630859375,NA,0.0036962890625
"51.49810,-0.26571_158",0.36918212890625,0.041103515625,0.06894287109375,0.025029296875,0.01910888671875,NA,NA,NA,0.23963623046875,NA,NA,NA,NA,0.00140380859375,NA,NA,NA,NA,NA,0.23559326171875
"51.49810,-0.26571_68",0.32638671875,0.04524169921875,0.2054638671875,0.000869140625,0.02509521484375,NA,NA,NA,NA,0.0096923828125,0.316416015625,0.00064453125,NA,0.00082763671875,NA,NA,NA,0.03872802734375,NA,0.030634765625
"51.50072,-0.26528_66",0.34123779296875,0.0169140625,0.17446533203125,0.01446533203125,NA,NA,NA,NA,0.2654150390625,NA,0.116806640625,NA,NA,0.0683984375,NA,NA,NA,NA,NA,0.00229736328125
"51.50072,-0.26528_336",0.28267333984375,0.116806640625,0.15563720703125,0.0023974609375,NA,NA,NA,NA,0.2810302734375,NA,0.15412353515625,NA,NA,NA,NA,NA,NA,NA,NA,0.00733154296875
"51.50072,-0.26528_156",0.288525390625,0.07662841796875,0.16803955078125,0.0103662109375,NA,NA,NA,NA,NA,0.0033837890625,0.3031640625,NA,NA,0.0518212890625,NA,NA,NA,NA,NA,0.0980712890625
"51.50072,-0.26528_246",0.1521484375,0.20776611328125,0.189599609375,NA,0.041572265625,NA,NA,NA,NA,NA,0.29188232421875,NA,NA,NA,NA,NA,NA,NA,NA,0.11703125
"51.49626,-0.26448_24",0.162822265625,0.17050048828125,0.2572607421875,0.01431640625,NA,0.0112158203125,NA,0.0066259765625,NA,NA,0.30033935546875,NA,NA,0.0660986328125,NA,NA,NA,NA,NA,0.0108203125
"51.49626,-0.26448_294",0.2269970703125,0.1702392578125,0.09338134765625,0.00045166015625,0.0204296875,0.01363525390625,NA,0.0056396484375,0.271171875,0.02495361328125,0.16885986328125,NA,NA,0.00182373046875,NA,NA,NA,NA,NA,0.0024169921875
"51.49626,-0.26448_114",0.3400634765625,0.02039794921875,0.1205908203125,NA,NA,NA,NA,NA,NA,0.01232177734375,0.28255126953125,NA,NA,0.090341796875,NA,NA,NA,NA,NA,0.13373291015625
"51.49626,-0.26448_204",0.3365966796875,0.06499755859375,NA,NA,NA,NA,NA,NA,0.43202880859375,0.03435791015625,0.10409423828125,NA,NA,0.010146484375,NA,NA,NA,NA,NA,0.0177783203125
"51.49636,-0.26471_24",0.10880615234375,0.30077392578125,0.165908203125,0.0100341796875,NA,NA,NA,NA,NA,0.01306640625,0.33200927734375,NA,NA,0.00148193359375,NA,NA,NA,NA,NA,0.067919921875
"51.49636,-0.26471_294",0.2938232421875,0.115751953125,0.03669677734375,0.00291748046875,NA,NA,NA,NA,0.39406005859375,0.0396240234375,0.10333740234375,NA,NA,0.00111083984375,NA,0.007236328125,NA,NA,NA,0.00544189453125
"51.49636,-0.26471_204",0.30118408203125,0.03774658203125,0.000556640625,NA,NA,NA,NA,NA,0.47192626953125,0.054267578125,0.06313232421875,NA,NA,0.043369140625,NA,NA,NA,NA,NA,0.0278173828125
"51.49636,-0.26471_114",0.2422998046875,0.1283642578125,0.1004638671875,NA,NA,NA,NA,NA,NA,0.034697265625,0.25575439453125,NA,NA,0.03781982421875,NA,NA,NA,NA,NA,0.2006005859375
"51.49647,-0.26493_24",0.30909912109375,NA,NA,NA,NA,NA,NA,NA,0.041689453125,NA,0.29651123046875,NA,NA,NA,NA,0.35151123046875,NA,NA,NA,0.00118896484375
"51.49647,-0.26493_294",0.2763037109375,NA,0.01894287109375,NA,NA,0.015498046875,NA,NA,0.29098876953125,0.1421337890625,0.1557080078125,NA,NA,NA,NA,0.08766845703125,NA,NA,NA,0.01275634765625
"51.49647,-0.26493_204",0.06719482421875,0.1467138671875,NA,NA,0.07644775390625,NA,NA,NA,0.4919091796875,0.16428955078125,NA,NA,NA,0.0024951171875,NA,NA,NA,NA,NA,0.05094970703125
"51.49647,-0.26493_114",0.306259765625,NA,NA,NA,0.02158203125,NA,NA,NA,0.27938232421875,0.0307080078125,0.12875244140625,NA,NA,0.00291259765625,NA,0.224189453125,NA,NA,NA,0.00621337890625
"51.49766,-0.26402_165",0.338408203125,0.01449462890625,0.03162353515625,0.01029052734375,NA,NA,NA,NA,0.36248046875,0.0646337890625,0.142568359375,NA,NA,0.0266357421875,NA,NA,NA,NA,NA,0.00886474609375
"51.49766,-0.26402_345",0.36715576171875,0.0184326171875,0.014912109375,0.03513916015625,0.006044921875,NA,NA,NA,0.4382177734375,0.04880126953125,0.0650927734375,NA,NA,0.003681640625,NA,NA,NA,NA,NA,0.00252197265625
"51.49766,-0.26402_255",0.134775390625,0.185068359375,0.034873046875,0.04601806640625,0.00935791015625,NA,NA,NA,0.47561279296875,0.094140625,0.010966796875,NA,NA,0.000712890625,NA,NA,NA,NA,NA,0.00847412109375
"51.49766,-0.26402_75",0.33339599609375,0.03451171875,0.04004638671875,NA,NA,NA,NA,NA,0.274453125,0.0522509765625,NA,NA,NA,0.03346923828125,NA,NA,NA,NA,NA,0.23187255859375
"51.49839,-0.26548_333",0.2678857421875,0.03981201171875,0.09906494140625,0.0050048828125,NA,NA,NA,NA,0.2661865234375,0.00218505859375,NA,NA,NA,0.10957763671875,NA,NA,NA,NA,NA,0.210283203125
"51.49839,-0.26548_63",0.2127099609375,0.05189697265625,0.06120849609375,0.001572265625,0.05560791015625,NA,NA,NA,0.4681201171875,NA,0.00660400390625,NA,NA,0.140693359375,NA,NA,NA,NA,NA,0.0015869140625
"51.49839,-0.26548_153",0.2533642578125,0.042705078125,0.0702294921875,0.0060546875,0.02664306640625,NA,NA,NA,0.306953125,NA,0.17860595703125,NA,NA,0.111884765625,NA,NA,NA,NA,NA,0.0035595703125
"51.49839,-0.26548_243",0.16245361328125,0.0590673828125,0.147529296875,0.0242431640625,NA,NA,NA,NA,NA,0.005166015625,0.2821826171875,NA,NA,0.1765673828125,NA,NA,NA,NA,NA,0.14279052734375
"51.49654,-0.26383_75",0.3183935546875,0.0783203125,NA,0.0400048828125,0.01037109375,NA,NA,NA,0.50805908203125,0.03607421875,NA,NA,NA,NA,NA,NA,NA,NA,NA,0.00877685546875
"51.49654,-0.26383_345",0.255029296875,0.0192919921875,NA,NA,0.04950927734375,NA,NA,NA,0.49262939453125,0.0119677734375,NA,NA,NA,0.13516357421875,NA,NA,NA,NA,NA,0.03640869140625
"51.49654,-0.26383_255",0.20341064453125,0.02611572265625,NA,NA,0.05083251953125,NA,NA,NA,0.50260009765625,NA,NA,NA,NA,0.193310546875,NA,0.0052001953125,NA,NA,NA,0.0185302734375
"51.49654,-0.26383_165",0.3115087890625,0.060341796875,0.01508544921875,0.02949462890625,NA,NA,NA,NA,0.501005859375,0.02114501953125,NA,0.00155517578125,NA,0.0426904296875,NA,NA,NA,NA,0.0010400390625,0.0161328125
"51.49673,-0.26379_75",0.348525390625,0.05456787109375,NA,0.00207275390625,NA,NA,NA,NA,0.43738037109375,0.06503173828125,0.0824365234375,NA,NA,NA,NA,NA,NA,NA,NA,0.0099853515625
"51.49673,-0.26379_345",0.28440673828125,0.09655517578125,0.05516845703125,0.0315478515625,0.03285888671875,NA,NA,NA,0.22103271484375,0.02114013671875,NA,NA,NA,0.00397705078125,NA,NA,NA,NA,NA,0.25331298828125
"51.49673,-0.26379_255",0.20634033203125,0.148857421875,0.04444580078125,0.03120849609375,0.07450439453125,NA,NA,NA,0.31345458984375,NA,0.16276611328125,0.00108154296875,NA,0.0114208984375,NA,NA,NA,NA,NA,0.00592041015625
"51.49673,-0.26379_165",0.358095703125,0.05466796875,NA,0.00433837890625,0.01668212890625,NA,NA,NA,0.41304931640625,0.0308056640625,0.10639404296875,NA,NA,0.01256591796875,0.00116943359375,NA,NA,NA,NA,0.0022314453125
"51.49692,-0.26379_75",NA,0.26314697265625,0.0228857421875,NA,0.01523681640625,NA,NA,NA,0.34660400390625,0.15251953125,0.17554931640625,NA,NA,NA,NA,NA,NA,NA,NA,0.0240576171875
"51.49692,-0.26379_345",0.36354736328125,0.01769287109375,0.0499365234375,0.0209326171875,NA,NA,NA,NA,0.2592578125,0.0620263671875,NA,NA,NA,NA,NA,NA,NA,NA,NA,0.2266064453125
"51.49692,-0.26379_255",0.3791845703125,0.03760986328125,0.06908935546875,0.04892578125,NA,NA,NA,NA,NA,0.008515625,0.33430908203125,NA,NA,0.002294921875,NA,NA,NA,NA,NA,0.12007080078125
"51.49692,-0.26379_165",0.34978271484375,0.015546875,0.0205859375,0.01521240234375,NA,NA,NA,NA,0.19418212890625,0.0794482421875,0.31123291015625,NA,NA,0.00072509765625,NA,NA,NA,NA,NA,0.01328369140625
"51.49711,-0.26383_345",0.3326220703125,0.01424072265625,NA,0.0177197265625,0.01186279296875,NA,NA,NA,0.37021728515625,0.0679248046875,0.12526123046875,NA,NA,0.03408203125,NA,NA,NA,NA,NA,0.0260693359375
"51.49711,-0.26383_255",0.33218505859375,0.0329833984375,0.0310107421875,0.0359619140625,NA,NA,NA,NA,0.3718701171875,0.0133203125,0.1133984375,NA,NA,0.0592041015625,NA,NA,NA,NA,NA,0.01006591796875
"51.49711,-0.26383_165",0.34667724609375,0.01387451171875,0.04612060546875,0.02156005859375,NA,NA,NA,NA,0.19306640625,0.0739599609375,0.2848291015625,NA,NA,0.01101318359375,NA,NA,NA,NA,NA,0.00889892578125
"51.49711,-0.26383_75",0.2421435546875,NA,0.021220703125,0.02134765625,NA,0.0208837890625,NA,NA,0.280673828125,0.188017578125,NA,NA,NA,NA,NA,NA,NA,NA,NA,0.225712890625
"51.49730,-0.26388_75",0.27854736328125,NA,0.013515625,NA,0.0187451171875,NA,NA,NA,0.5487451171875,0.137822265625,NA,NA,NA,NA,NA,NA,NA,NA,NA,0.00262451171875
"51.49730,-0.26388_345",0.2980810546875,NA,0.0580078125,NA,0.00783203125,NA,NA,NA,NA,0.0584423828125,0.213828125,NA,NA,NA,0.11598876953125,NA,NA,NA,NA,0.24781982421875
"51.49730,-0.26388_255",0.32994873046875,0.0134228515625,0.07440673828125,0.0217822265625,0.0797021484375,NA,NA,NA,NA,NA,0.33366455078125,NA,NA,0.03407470703125,NA,NA,NA,NA,NA,0.112998046875
"51.49730,-0.26388_165",0.33849853515625,NA,NA,0.01715087890625,NA,NA,NA,NA,0.40133056640625,0.0670849609375,0.12279296875,NA,NA,0.03173583984375,NA,NA,NA,NA,NA,0.02140625
"51.49748,-0.26395_75",0.2824462890625,NA,0.043740234375,NA,0.015888671875,NA,NA,NA,0.2441064453125,0.13190185546875,NA,NA,NA,NA,NA,NA,NA,NA,NA,0.28191650390625
"51.49748,-0.26395_345",0.3589404296875,0.0148486328125,0.05136962890625,NA,NA,NA,NA,NA,NA,0.07909423828125,0.33213134765625,NA,NA,NA,NA,NA,NA,NA,NA,0.16361572265625
"51.49748,-0.26395_255",0.36548828125,0.02515869140625,0.06560302734375,0.0239306640625,NA,NA,NA,NA,NA,0.020771484375,0.304658203125,NA,NA,0.035322265625,NA,NA,NA,NA,NA,0.1590673828125
"51.49748,-0.26395_165",0.3322607421875,NA,0.05967529296875,0.00648681640625,NA,NA,NA,NA,0.24060302734375,0.06390625,NA,NA,NA,0.04519775390625,NA,NA,NA,NA,NA,0.2518701171875
"51.50104,-0.26542_66",0.26789306640625,0.10763671875,0.2162939453125,0.02221435546875,NA,NA,NA,NA,0.1403173828125,NA,NA,NA,NA,NA,NA,NA,NA,NA,NA,0.24564453125
"51.50104,-0.26542_246",0.2455908203125,0.06356201171875,0.1518212890625,0.04080078125,0.1160986328125,NA,NA,0.0069775390625,NA,NA,0.35894287109375,NA,NA,0.00116455078125,NA,NA,NA,NA,NA,0.01504150390625
"51.50104,-0.26542_336",0.31172119140625,0.07124267578125,0.156865234375,0.02659423828125,NA,NA,NA,NA,0.16633056640625,NA,NA,NA,NA,NA,NA,NA,NA,NA,NA,0.26724609375
"51.50104,-0.26542_156",0.28947021484375,0.0729638671875,0.169267578125,0.00956787109375,0.06738525390625,NA,NA,NA,NA,NA,0.34197509765625,NA,NA,0.00137939453125,NA,NA,NA,NA,NA,0.04799072265625
"51.49830,-0.26439_169",0.36824951171875,NA,0.14523193359375,0.00557373046875,NA,NA,NA,NA,0.29540771484375,NA,0.13862548828125,0.00261962890625,NA,0.03740478515625,NA,NA,NA,NA,NA,0.00688720703125
"51.49830,-0.26439_79",0.37106201171875,0.02349853515625,0.07257568359375,NA,NA,NA,NA,NA,0.46496337890625,0.00493408203125,NA,0.00146484375,NA,0.0416552734375,NA,NA,NA,NA,NA,0.01984619140625
"51.49830,-0.26439_349",0.3771337890625,0.01696533203125,0.1622265625,0.00947509765625,0.02446044921875,NA,NA,0.00159912109375,0.188720703125,0.00530517578125,NA,NA,NA,0.00114013671875,NA,NA,NA,NA,NA,0.2129736328125
"51.49830,-0.26439_259",0.05106201171875,0.292568359375,0.190009765625,0.0790478515625,NA,0.0132470703125,NA,0.00114990234375,0.1403369140625,0.00031005859375,NA,NA,NA,NA,NA,NA,NA,NA,NA,0.23226806640625
"51.49812,-0.26467_177",0.17369384765625,0.035478515625,0.243837890625,NA,0.02735595703125,NA,NA,NA,NA,NA,0.28473876953125,NA,NA,0.182080078125,NA,NA,NA,NA,NA,0.05281494140625
"51.49812,-0.26467_87",0.30414794921875,NA,0.15141845703125,0.034423828125,0.01576904296875,NA,NA,NA,0.1364892578125,0.00846923828125,0.28579833984375,NA,NA,0.00430419921875,NA,NA,NA,NA,NA,0.0591796875
"51.49812,-0.26467_357",NA,0.28113037109375,0.1073583984375,0.10117919921875,0.03218505859375,0.00743408203125,NA,NA,0.33870849609375,NA,0.12806884765625,NA,NA,NA,NA,NA,NA,NA,NA,0.003935546875
"51.49812,-0.26467_267",0.2865478515625,NA,0.17126220703125,0.044208984375,NA,NA,NA,NA,0.2508056640625,NA,0.15157470703125,NA,NA,0.06776611328125,NA,NA,NA,NA,NA,0.02783447265625
"51.49865,-0.26444_84",0.35520263671875,0.013642578125,0.15810791015625,0.011103515625,NA,NA,NA,NA,NA,NA,0.363583984375,NA,NA,0.07190185546875,NA,NA,NA,NA,NA,0.02645751953125
"51.49865,-0.26444_354",0.3751513671875,0.01485107421875,0.2823291015625,0.01221923828125,0.0033935546875,NA,NA,NA,0.01688720703125,NA,0.2815673828125,NA,NA,0.007119140625,NA,NA,NA,NA,NA,0.00648193359375
"51.49865,-0.26444_264",0.3308251953125,NA,0.172900390625,0.10339599609375,0.0218017578125,NA,NA,NA,NA,0.00531005859375,0.33277587890625,NA,NA,NA,NA,NA,NA,NA,NA,0.03299072265625
"51.49865,-0.26444_174",0.35910400390625,0.006708984375,0.08156494140625,0.05799560546875,NA,NA,NA,NA,NA,NA,0.4140673828125,NA,NA,0.03452880859375,NA,NA,NA,NA,NA,0.0460302734375
"51.49884,-0.26446_84",0.33028076171875,0.0089501953125,0.1968212890625,0.01056396484375,NA,NA,NA,NA,NA,NA,0.27499267578125,NA,NA,0.095439453125,NA,NA,NA,NA,NA,0.08295166015625
"51.49884,-0.26446_354",0.35638671875,NA,0.141083984375,0.00355224609375,0.04461181640625,NA,NA,NA,0.1222119140625,NA,0.2675634765625,0.00065185546875,NA,0.040322265625,NA,NA,NA,NA,NA,0.02361572265625
"51.49884,-0.26446_174",0.35173828125,0.0070751953125,0.20030517578125,0.03123291015625,0.0351806640625,NA,NA,NA,NA,NA,0.32684326171875,NA,NA,0.03794677734375,NA,NA,NA,NA,NA,0.009677734375
"51.49884,-0.26446_264",0.33504150390625,NA,0.1650390625,NA,0.11628173828125,NA,NA,NA,NA,NA,0.3227978515625,NA,NA,NA,NA,NA,NA,NA,NA,0.06083984375
"51.49902,-0.26448_84",0.34477294921875,0.01826416015625,0.16675048828125,0.00318115234375,NA,NA,NA,NA,0.32079345703125,NA,0.0768359375,NA,NA,0.0647021484375,NA,NA,NA,NA,NA,0.00469970703125
"51.49902,-0.26448_354",0.3473779296875,NA,0.14228515625,0.02238525390625,0.03965576171875,NA,NA,NA,0.11006103515625,NA,0.2754248046875,NA,NA,0.046220703125,NA,NA,NA,NA,NA,0.01658935546875
"51.49902,-0.26448_264",NA,0.24889892578125,0.17820556640625,0.055927734375,0.06729736328125,NA,NA,0.00092529296875,NA,NA,0.33579345703125,NA,NA,NA,NA,NA,NA,NA,NA,0.11295166015625
"51.49902,-0.26448_174",0.3656396484375,0.00698486328125,0.13623291015625,0.01884765625,0.03699462890625,NA,NA,0.001044921875,0.259990234375,NA,0.1557958984375,0.00177001953125,NA,0.01386962890625,NA,NA,NA,NA,NA,0.00282958984375
"51.49615,-0.26458_357",0.3936279296875,0.03591796875,0.0480078125,0.00421142578125,NA,NA,NA,NA,0.25792724609375,0.03363525390625,NA,NA,NA,0.0079833984375,NA,NA,NA,NA,NA,0.21868896484375
"51.49615,-0.26458_267",0.32069091796875,0.0788232421875,NA,NA,NA,NA,NA,NA,0.4101318359375,0.044921875,0.1254052734375,0.00065673828125,NA,0.00509033203125,NA,NA,NA,NA,NA,0.01427978515625
"51.49615,-0.26458_177",0.1844970703125,0.17578369140625,NA,NA,NA,0.0050341796875,NA,NA,0.54751708984375,0.03758056640625,0.04759033203125,NA,NA,NA,NA,NA,NA,NA,NA,0.0019970703125
"51.49615,-0.26458_87",0.39962158203125,NA,NA,NA,NA,NA,NA,NA,0.35882080078125,0.02259521484375,NA,NA,NA,0.010849609375,NA,NA,NA,NA,0.00229736328125,0.2058154296875
"51.49565,-0.26576_220",0.36158447265625,0.04061767578125,0.07807373046875,0.022724609375,NA,NA,NA,NA,0.37525634765625,0.008974609375,0.1062353515625,NA,NA,NA,NA,NA,NA,NA,NA,0.006533203125
"51.49565,-0.26576_40",0.37349609375,0.02384033203125,0.008740234375,0.0049658203125,0.00886474609375,NA,NA,NA,0.5287060546875,0.0110791015625,0.03459228515625,NA,NA,0.00029541015625,NA,NA,NA,NA,NA,0.005419921875
"51.49565,-0.26576_310",0.33543212890625,0.07312744140625,0.11094970703125,0.033876953125,NA,0.00530029296875,NA,NA,0.197734375,NA,0.23697265625,NA,NA,NA,NA,NA,NA,NA,NA,0.0066064453125
"51.49565,-0.26576_130",0.09333740234375,0.26045166015625,NA,0.00618408203125,NA,NA,NA,NA,0.59669189453125,0.0400439453125,NA,NA,NA,NA,NA,NA,NA,NA,NA,0.003291015625
"51.49643,-0.26523_277",0.23766845703125,NA,0.0440478515625,NA,NA,NA,NA,NA,0.01930419921875,NA,0.261513671875,NA,NA,0.01109619140625,NA,0.4227294921875,NA,NA,NA,0.00364013671875
"51.49643,-0.26523_187",0.29377197265625,NA,0.0150537109375,NA,NA,NA,NA,NA,0.28172607421875,0.09421142578125,0.184072265625,NA,NA,0.00906005859375,NA,0.1104150390625,NA,NA,NA,0.011689453125
"51.49643,-0.26523_97",0.1240283203125,0.17738037109375,NA,NA,0.0561572265625,NA,NA,NA,0.45633056640625,0.0804736328125,0.0848779296875,NA,NA,NA,NA,0.01949462890625,NA,NA,NA,0.00125732421875
"51.49643,-0.26523_7",0.2364990234375,0.05266845703125,NA,NA,NA,NA,NA,NA,0.19855712890625,0.02127197265625,0.159794921875,NA,NA,0.00063720703125,NA,0.3062109375,0.00300537109375,NA,NA,0.02135498046875
"51.49627,-0.26527_277",0.33087646484375,0.02812255859375,0.1680859375,0.011064453125,NA,NA,NA,NA,NA,NA,0.2536376953125,NA,NA,0.06470703125,NA,NA,NA,NA,NA,0.143505859375
"51.49627,-0.26527_187",0.34861328125,NA,0.0519482421875,NA,NA,NA,NA,NA,0.4187841796875,0.00267822265625,0.1148388671875,NA,NA,0.04952880859375,NA,NA,NA,NA,NA,0.0136083984375
"51.49627,-0.26527_97",0.0714892578125,0.259560546875,NA,NA,0.04010986328125,NA,NA,NA,0.55453857421875,0.06126220703125,NA,NA,NA,NA,NA,NA,NA,NA,0.0090625,0.00397705078125
"51.49627,-0.26527_7",0.34591064453125,0.01821044921875,0.0694921875,0.00766357421875,NA,0.00987060546875,NA,NA,0.27744140625,0.04439208984375,0.170859375,NA,NA,0.0122900390625,NA,0.0230908203125,NA,NA,0.0161669921875,0.00461181640625
"51.49600,-0.26544_323",0.27999267578125,0.12782958984375,0.2134814453125,NA,NA,NA,NA,0.001181640625,0.12844482421875,NA,0.24033935546875,NA,NA,0.00267578125,NA,0.002177734375,NA,NA,NA,0.003876953125
"51.49600,-0.26544_233",0.27560791015625,0.0454150390625,0.149169921875,0.0085546875,NA,NA,NA,NA,0.29364501953125,0.002236328125,0.137919921875,NA,NA,0.08436767578125,NA,NA,NA,NA,NA,0.00308349609375
"51.49600,-0.26544_143",0.287861328125,0.01425048828125,NA,NA,NA,NA,NA,NA,0.28083984375,0.0006982421875,NA,NA,NA,0.12291015625,NA,NA,NA,NA,NA,0.29343994140625
"51.49600,-0.26544_53",0.33146484375,0.04094970703125,NA,NA,NA,NA,NA,NA,0.22799072265625,0.00346923828125,NA,NA,NA,0.0679296875,NA,NA,NA,NA,NA,0.32819580078125
"51.49514,-0.26620_40",0.3475439453125,NA,0.04646484375,NA,NA,NA,NA,NA,0.313583984375,NA,NA,0.0007568359375,NA,0.0285400390625,NA,NA,NA,NA,NA,0.2631103515625
"51.49514,-0.26620_310",0.36554931640625,0.01899658203125,0.13027099609375,0.01440673828125,NA,NA,NA,NA,NA,NA,0.33682861328125,0.00267578125,NA,0.04199462890625,NA,NA,NA,NA,NA,0.08927734375
"51.49514,-0.26620_220",0.3554150390625,0.01705078125,0.07169921875,0.00936767578125,NA,0.01786376953125,NA,NA,0.22204833984375,0.01189453125,NA,NA,NA,0.01546142578125,NA,NA,NA,NA,NA,0.27919921875
"51.49514,-0.26620_130",0.04874267578125,0.25771240234375,NA,NA,NA,0.016806640625,NA,NA,0.45657958984375,0.01382568359375,0.19529052734375,NA,NA,NA,NA,NA,NA,NA,NA,0.01104248046875
"51.49531,-0.26605_130",0.16842529296875,0.08440673828125,NA,NA,NA,0.00817138671875,NA,0.0014208984375,0.73072998046875,0.0048876953125,NA,NA,NA,NA,NA,NA,NA,0.00166259765625,NA,0.00029541015625
"51.49531,-0.26605_40",0.35783447265625,0.014384765625,NA,0.0079931640625,NA,NA,NA,NA,0.56469482421875,NA,NA,NA,NA,0.0037744140625,NA,NA,NA,NA,NA,0.051318359375
"51.49531,-0.26605_310",0.3454931640625,0.0248193359375,0.1360888671875,0.02124755859375,NA,NA,NA,NA,0.3163037109375,NA,NA,0.0006591796875,NA,0.070634765625,NA,NA,NA,NA,NA,0.08475341796875
"51.49531,-0.26605_220",0.34932861328125,0.022685546875,0.113837890625,NA,NA,0.005380859375,NA,NA,0.3232958984375,0.0138623046875,0.11765869140625,NA,NA,0.0492041015625,NA,NA,NA,NA,NA,0.00474609375
"51.49548,-0.26591_130",0.1022998046875,0.225390625,NA,NA,NA,NA,NA,NA,0.5975146484375,0.03821044921875,NA,NA,NA,NA,NA,NA,NA,NA,NA,0.03658447265625
"51.49548,-0.26591_40",0.32917236328125,NA,0.05026123046875,0.01339111328125,NA,NA,NA,NA,0.49775634765625,0.00750732421875,0.061591796875,NA,NA,0.001181640625,NA,NA,NA,NA,NA,0.03913818359375
"51.49548,-0.26591_310",0.35723876953125,0.05666015625,0.10641845703125,0.0417822265625,NA,NA,NA,NA,0.234140625,NA,NA,NA,NA,0.0008544921875,NA,NA,NA,NA,NA,0.2029052734375
"51.49548,-0.26591_220",0.31302734375,0.07738037109375,0.01950439453125,0.02745849609375,NA,NA,NA,NA,0.46643798828125,0.01089599609375,0.079462890625,NA,NA,NA,NA,NA,NA,NA,NA,0.00583251953125
"51.49668,-0.26405_139",0.18552978515625,NA,NA,0.1323779296875,NA,NA,NA,NA,0.44728515625,NA,0.09253662109375,NA,NA,0.123056640625,NA,NA,NA,NA,NA,0.0192138671875
"51.49668,-0.26405_49",0.2019677734375,NA,0.028720703125,0.0417236328125,NA,NA,NA,NA,0.320576171875,0.09245849609375,0.1775390625,NA,NA,0.1289794921875,NA,NA,NA,NA,NA,0.00803466796875
"51.49668,-0.26405_229",0.24084716796875,NA,0.055537109375,NA,NA,NA,NA,NA,0.25259521484375,0.1229345703125,NA,NA,NA,NA,NA,NA,NA,NA,NA,0.3280859375
"51.49668,-0.26405_319",0.08271240234375,NA,0.09997314453125,NA,NA,NA,NA,NA,0.1082861328125,0.3159423828125,0.34232177734375,NA,NA,0.003525390625,NA,NA,NA,NA,NA,0.04723876953125
"51.49659,-0.26425_319",0.23451904296875,0.096865234375,0.05393310546875,0.09378662109375,NA,NA,NA,NA,0.28537109375,0.00511962890625,NA,NA,NA,0.00067626953125,NA,NA,NA,NA,NA,0.22972900390625
"51.49659,-0.26425_229",0.286904296875,0.03884033203125,NA,0.0710791015625,0.01229248046875,NA,NA,NA,0.37439453125,0.000673828125,0.18445068359375,NA,NA,0.00253173828125,NA,NA,NA,NA,NA,0.0288330078125
"51.49659,-0.26425_139",0.26339599609375,0.0314404296875,NA,0.042900390625,0.04064453125,NA,NA,NA,0.4194677734375,NA,0.1963525390625,NA,NA,NA,NA,NA,NA,NA,NA,0.00579833984375
"51.49659,-0.26425_49",0.22754638671875,0.05947021484375,NA,0.10792236328125,NA,NA,NA,NA,0.4353125,0.00656494140625,0.156279296875,NA,NA,0.00126953125,NA,NA,NA,NA,NA,0.005634765625
"51.49660,-0.26448_319",0.26958251953125,0.04997802734375,0.12626220703125,0.00300537109375,0.0334423828125,NA,NA,0.001669921875,0.1732958984375,0.01714599609375,0.313779296875,NA,NA,0.00249267578125,0.0016845703125,NA,NA,NA,NA,0.0076611328125
"51.49660,-0.26448_229",0.2622119140625,0.049765625,0.08637939453125,0.0889892578125,0.0050537109375,NA,NA,NA,0.08705078125,0.05753173828125,0.3529736328125,NA,NA,0.006005859375,NA,NA,NA,NA,NA,0.0040380859375
"51.49660,-0.26448_139",0.28481689453125,0.02349853515625,0.0653564453125,0.09352294921875,NA,NA,NA,NA,NA,0.0625732421875,0.26526611328125,NA,NA,NA,NA,NA,NA,NA,NA,0.2049658203125
"51.49660,-0.26448_49",0.24225341796875,0.053818359375,0.10620361328125,0.01319580078125,0.08760009765625,NA,NA,NA,NA,NA,0.24420166015625,NA,NA,NA,NA,NA,NA,NA,NA,0.25272705078125
"51.49663,-0.26470_319",0.28281982421875,NA,0.1064013671875,0.003349609375,0.07155517578125,NA,NA,NA,NA,0.0034423828125,0.32,NA,NA,0.090673828125,NA,NA,NA,NA,NA,0.1217578125
"51.49663,-0.26470_229",0.34663818359375,0.01137939453125,NA,0.0094970703125,0.005,NA,NA,NA,0.2763720703125,0.08970458984375,NA,NA,0.00066162109375,0.00570068359375,NA,0.015791015625,NA,NA,0.00117919921875,0.238076171875
"51.49663,-0.26470_139",0.33009521484375,0.0281494140625,0.0459423828125,0.005615234375,0.007802734375,NA,NA,NA,0.1719873046875,0.0781982421875,NA,0.00169677734375,0.00089111328125,0.00060791015625,NA,NA,NA,NA,NA,0.329013671875
"51.49663,-0.26470_49",0.26911376953125,NA,0.09483642578125,0.0092333984375,0.0659619140625,NA,NA,NA,NA,NA,0.35986083984375,NA,NA,0.0941162109375,NA,NA,NA,0.0101123046875,NA,0.09676513671875
"51.49613,-0.26703_298",0.23737060546875,0.13892333984375,NA,0.01087646484375,NA,NA,NA,0.00258056640625,0.2463427734375,0.042431640625,NA,NA,NA,NA,NA,NA,NA,NA,NA,0.321474609375
"51.49613,-0.26703_28",0.14356201171875,0.2085888671875,NA,0.002587890625,NA,NA,NA,0.002265625,0.22533447265625,0.0460302734375,0.36424072265625,NA,NA,NA,NA,NA,NA,NA,NA,0.00739013671875
"51.49613,-0.26703_118",0.28441650390625,0.057314453125,NA,0.0308740234375,NA,NA,NA,NA,0.1685205078125,NA,0.3440185546875,NA,NA,0.0742724609375,NA,NA,NA,NA,NA,0.04058349609375
"51.49613,-0.26703_208",0.354814453125,0.02603271484375,0.03842529296875,0.03188720703125,NA,NA,NA,NA,0.19306884765625,NA,0.29375,NA,NA,0.0577099609375,NA,NA,NA,NA,NA,0.0043115234375
"51.49606,-0.26631_118",0.30798095703125,NA,0.06652587890625,0.005341796875,NA,NA,NA,NA,0.244716796875,NA,0.24822509765625,NA,NA,0.11115234375,NA,NA,NA,NA,NA,0.01605712890625
"51.49606,-0.26631_28",0.19817626953125,0.03384765625,0.089140625,0.04648193359375,NA,NA,NA,0.00520751953125,NA,NA,0.41010009765625,NA,NA,0.16591796875,NA,NA,NA,NA,NA,0.0511279296875
"51.49606,-0.26631_298",0.37358154296875,NA,0.0384716796875,0.04434814453125,NA,NA,NA,0.005791015625,0.13320068359375,0.0053271484375,0.338212890625,NA,NA,0.02007568359375,NA,NA,NA,NA,NA,0.0409912109375
"51.49606,-0.26631_208",0.3348583984375,0.0893359375,0.0473583984375,0.017705078125,NA,NA,NA,0.0065478515625,0.38189208984375,NA,0.10319580078125,NA,NA,0.008671875,NA,NA,NA,NA,NA,0.0104345703125
"51.49597,-0.26608_208",0.36960205078125,0.0515283203125,0.02036376953125,0.0088330078125,0.026669921875,NA,NA,NA,0.43188232421875,NA,0.08025146484375,NA,NA,0.005048828125,NA,NA,NA,NA,NA,0.0058203125
"51.49597,-0.26608_298",0.373671875,0.03927734375,NA,0.0105908203125,NA,0.0097802734375,NA,NA,0.25455078125,NA,NA,NA,NA,0.0216162109375,NA,NA,NA,NA,NA,0.2905126953125
"51.49597,-0.26608_28",0.228876953125,0.05216064453125,0.0993359375,0.03016845703125,NA,NA,NA,NA,NA,NA,0.35087646484375,NA,NA,0.10651611328125,NA,NA,NA,NA,NA,0.1320654296875
"51.49597,-0.26608_118",0.2659326171875,0.03953369140625,0.0633447265625,0.0122412109375,0.02473876953125,NA,NA,NA,0.33767578125,NA,0.15934814453125,NA,NA,0.09450927734375,NA,NA,NA,NA,NA,0.00267578125
"51.49689,-0.26399_229",0.18207763671875,NA,0.16359375,0.00837158203125,NA,NA,NA,NA,0.125859375,0.23846923828125,0.24018310546875,NA,NA,0.0380419921875,NA,NA,NA,NA,NA,0.0034033203125
"51.49689,-0.26399_319",0.24094970703125,NA,0.17461181640625,NA,NA,NA,NA,NA,0.2104296875,0.00412109375,0.306181640625,NA,NA,0.0522705078125,NA,NA,NA,NA,NA,0.011435546875
"51.49689,-0.26399_49",0.22433837890625,NA,NA,0.040869140625,NA,NA,NA,NA,0.317783203125,0.04958984375,0.21308837890625,NA,NA,0.14676513671875,NA,NA,NA,NA,NA,0.00756591796875
"51.49689,-0.26399_139",0.2217919921875,NA,NA,0.04335693359375,NA,NA,NA,NA,0.38347900390625,0.04744384765625,0.144013671875,NA,NA,0.15392578125,NA,NA,NA,NA,NA,0.00598876953125
"51.49711,-0.26404_49",0.3316357421875,NA,NA,0.00896240234375,NA,NA,NA,NA,0.431845703125,0.00421875,0.07655029296875,NA,NA,0.13617431640625,NA,NA,NA,NA,NA,0.01061279296875
"51.49711,-0.26404_139",0.3476318359375,NA,NA,0.00769775390625,NA,NA,NA,0.0014794921875,0.3097900390625,0.00634521484375,0.1419677734375,NA,NA,0.10993896484375,NA,NA,NA,NA,NA,0.07514892578125
"51.49711,-0.26404_229",0.331328125,0.01852783203125,0.3235791015625,0.0002490234375,NA,NA,NA,NA,0.01852783203125,0.0014208984375,0.22290771484375,NA,NA,0.07533203125,NA,NA,NA,NA,0.0010791015625,0.00704833984375
"51.49711,-0.26404_319",0.3628515625,0.017685546875,0.25566650390625,0.00606689453125,NA,NA,NA,NA,NA,NA,0.168046875,NA,NA,0.05678955078125,NA,NA,NA,NA,NA,0.13289306640625
"51.49733,-0.26411_49",0.27710693359375,NA,NA,0.0580712890625,0.0108984375,NA,NA,NA,0.17003662109375,0.09103271484375,0.33972412109375,NA,NA,0.040185546875,NA,NA,NA,NA,NA,0.0129443359375
"51.49733,-0.26411_139",0.28207275390625,NA,0.041484375,0.04993408203125,NA,NA,NA,NA,0.27648681640625,0.05967041015625,NA,NA,NA,0.0291845703125,NA,NA,NA,NA,NA,0.2611669921875
"51.49733,-0.26411_319",0.330712890625,NA,0.13110595703125,0.010068359375,NA,NA,NA,NA,NA,0.00647705078125,0.3535888671875,NA,NA,0.102275390625,NA,NA,NA,NA,NA,0.065771484375
"51.49733,-0.26411_229",0.34463134765625,NA,0.17581787109375,0.00362548828125,NA,NA,NA,NA,NA,NA,0.3363671875,NA,NA,0.04756591796875,NA,NA,NA,NA,NA,0.0919921875
"51.49590,-0.26585_298",0.26943603515625,0.06429443359375,0.22329345703125,0.000244140625,NA,NA,NA,NA,0.0749951171875,NA,0.291181640625,NA,NA,0.0701318359375,NA,NA,NA,NA,NA,0.00642333984375
"51.49590,-0.26585_28",0.2236279296875,0.03879638671875,0.343330078125,0.01265625,NA,NA,NA,NA,0.15394287109375,NA,NA,NA,NA,0.13353759765625,NA,NA,NA,NA,NA,0.09410888671875
"51.49590,-0.26585_118",0.29228515625,0.0581396484375,0.20023193359375,0.0028369140625,0.03470458984375,NA,NA,NA,0.2074658203125,NA,0.15511962890625,NA,NA,0.047666015625,NA,NA,NA,NA,NA,0.00155029296875
"51.49590,-0.26585_208",0.234892578125,0.1402001953125,0.23906982421875,NA,0.064443359375,NA,NA,NA,0.08281982421875,NA,0.22807861328125,NA,NA,NA,NA,NA,NA,NA,NA,0.01049560546875
"51.49879,-0.26570_149",0.214619140625,0.03166015625,0.07648681640625,NA,0.0142431640625,0.01130126953125,NA,NA,0.2681005859375,NA,0.17620361328125,NA,NA,0.20552978515625,NA,NA,NA,NA,NA,0.00185546875
"51.49879,-0.26570_239",0.2374951171875,0.06473876953125,0.1998291015625,0.02581787109375,NA,NA,NA,NA,0.170986328125,NA,0.16940185546875,NA,NA,0.12412109375,NA,NA,NA,NA,NA,0.00760986328125
"51.49879,-0.26570_329",0.28072998046875,0.06783935546875,0.1406689453125,0.0188623046875,0.016630859375,NA,NA,NA,NA,NA,0.18033935546875,NA,NA,0.05357421875,NA,NA,NA,NA,NA,0.24135498046875
"51.49879,-0.26570_59",0.16899658203125,0.0489453125,0.09373291015625,NA,0.05080322265625,NA,NA,NA,0.444326171875,NA,NA,NA,NA,0.17739990234375,NA,NA,NA,NA,NA,0.0157958984375
"51.49614,-0.26727_118",0.37535888671875,0.02579345703125,0.05143310546875,0.04383544921875,NA,NA,NA,NA,NA,NA,0.30682373046875,NA,NA,0.000634765625,NA,NA,NA,NA,NA,0.19612060546875
"51.49614,-0.26727_208",0.3449951171875,0.05897705078125,0.07338134765625,0.04767333984375,NA,NA,NA,0.0018408203125,NA,NA,0.37529296875,NA,NA,NA,NA,NA,NA,NA,NA,0.09783935546875
"51.49614,-0.26727_298",0.39014404296875,0.0428466796875,0.0647119140625,0.02268798828125,NA,NA,NA,NA,NA,0.00367431640625,0.39534912109375,NA,NA,0.00709716796875,NA,NA,NA,NA,NA,0.07348876953125
"51.49614,-0.26727_28",0.1680224609375,0.244462890625,0.03324951171875,0.0029736328125,NA,NA,NA,NA,0.1279638671875,0.00539794921875,0.4038037109375,0.0006494140625,NA,0.0031689453125,NA,NA,NA,NA,NA,0.0103076171875
"51.49559,-0.25982_358",0.3100830078125,0.06159423828125,0.14463134765625,0.004443359375,0.03100830078125,NA,NA,NA,NA,NA,0.19516357421875,NA,NA,0.01074462890625,NA,NA,NA,NA,NA,0.24233154296875
"51.49559,-0.25982_88",0.25005615234375,0.1324365234375,0.13757568359375,0.0201513671875,0.06478271484375,NA,NA,NA,0.1515185546875,NA,0.2394775390625,NA,NA,NA,NA,NA,NA,0.00206298828125,NA,0.0019384765625
"51.49559,-0.25982_268",0.26717041015625,0.0594970703125,0.131171875,0.00638671875,NA,NA,NA,NA,NA,NA,0.16197998046875,NA,NA,0.06553955078125,NA,NA,NA,NA,NA,0.30825439453125
"51.49559,-0.25982_178",0.27465576171875,0.0754638671875,NA,0.017080078125,0.026220703125,NA,NA,NA,0.28753662109375,NA,NA,0.000703125,NA,0.0533203125,NA,NA,NA,NA,NA,0.26501953125
"51.49577,-0.25983_358",0.26291259765625,0.03782958984375,NA,0.009892578125,0.04210205078125,NA,NA,NA,0.36887451171875,NA,0.120693359375,NA,NA,0.10090576171875,NA,NA,NA,NA,NA,0.05678955078125
"51.49577,-0.25983_88",0.15885986328125,0.01826416015625,0.06372802734375,0.03041748046875,0.0309033203125,NA,NA,NA,0.3501953125,NA,0.134267578125,NA,NA,0.20782958984375,NA,NA,NA,NA,NA,0.00553466796875
"51.49577,-0.25983_178",0.2600634765625,NA,0.12073974609375,0.04119140625,NA,NA,NA,NA,0.3079833984375,0.01228759765625,0.12302978515625,NA,NA,0.1017138671875,NA,NA,NA,NA,NA,0.03299072265625
"51.49577,-0.25983_268",0.2805419921875,0.09571533203125,0.1075634765625,0.011884765625,0.02646484375,NA,NA,0.0012451171875,0.35711181640625,NA,0.118564453125,NA,NA,NA,NA,NA,NA,NA,NA,0.000908203125
"51.49612,-0.26679_208",0.3397509765625,0.04069580078125,0.138876953125,0.01520751953125,NA,NA,NA,NA,NA,0.00614990234375,0.34710693359375,NA,NA,0.0349072265625,NA,NA,NA,NA,NA,0.0773046875
"51.49612,-0.26679_118",0.32157958984375,0.08285888671875,0.13088134765625,0.02153564453125,NA,NA,NA,NA,NA,0.0093896484375,0.342255859375,NA,NA,0.00806884765625,NA,NA,NA,NA,NA,0.08343017578125
"51.49612,-0.26679_28",0.16657470703125,0.18381103515625,0.0731787109375,0.08746826171875,NA,NA,NA,NA,0.2778076171875,0.01409912109375,NA,NA,NA,0.0080810546875,NA,NA,NA,NA,NA,0.1889794921875
"51.49612,-0.26679_298",0.2554638671875,0.1051318359375,0.0513818359375,0.0720556640625,NA,NA,NA,NA,0.40613525390625,NA,0.0853466796875,NA,NA,0.01654296875,NA,NA,NA,NA,NA,0.00794189453125
"51.49610,-0.26654_208",0.351123046875,0.05309326171875,0.08215576171875,0.0071728515625,NA,NA,NA,NA,NA,0.00335205078125,0.375341796875,NA,NA,0.0287939453125,NA,NA,NA,NA,0.0020849609375,0.09688232421875
"51.49610,-0.26654_118",0.37590576171875,0.0548876953125,0.07107666015625,0.01189208984375,NA,NA,NA,NA,0.1824072265625,NA,0.29391845703125,NA,NA,0.00446533203125,NA,NA,NA,NA,NA,0.00544677734375
"51.49610,-0.26654_28",0.14123046875,0.22019775390625,0.0779248046875,0.096650390625,NA,NA,NA,NA,0.12123291015625,NA,NA,NA,NA,0.01458984375,NA,NA,NA,NA,NA,0.328173828125
"51.49610,-0.26654_298",0.24849853515625,0.12323486328125,0.059931640625,0.073330078125,NA,NA,NA,0.0016748046875,0.21679931640625,NA,NA,NA,NA,0.0047314453125,NA,NA,NA,NA,NA,0.27179931640625
"51.49524,-0.25994_356",0.12067626953125,NA,0.1540771484375,0.0136572265625,0.024423828125,0.0198828125,NA,NA,0.3762939453125,0.2051416015625,NA,0.0808984375,NA,NA,NA,NA,NA,NA,NA,0.00494873046875
"51.49524,-0.25994_266",0.21428955078125,NA,0.035693359375,NA,0.26361328125,0.0271484375,NA,NA,0.35144775390625,0.0741357421875,0.02540283203125,NA,NA,NA,NA,NA,NA,NA,NA,0.00826904296875
"51.49524,-0.25994_176",NA,NA,NA,NA,0.56442138671875,NA,NA,0.002314453125,0.3137939453125,NA,0.11577392578125,NA,NA,NA,NA,NA,NA,NA,NA,0.0036962890625
"51.49524,-0.25994_86",0.21420166015625,NA,0.0549169921875,0.00936279296875,0.25307373046875,NA,NA,NA,0.3405712890625,0.0332275390625,0.02789306640625,0.06177001953125,NA,NA,NA,NA,NA,0.00216552734375,NA,0.0028173828125
"51.49525,-0.25964_266",0.28732421875,NA,NA,NA,0.1315380859375,0.009267578125,NA,0.0053271484375,0.48345703125,0.01930419921875,0.04265869140625,NA,NA,0.01006591796875,NA,NA,NA,NA,NA,0.01105712890625
"51.49525,-0.25964_176",NA,NA,NA,NA,0.38431396484375,NA,NA,NA,0.3166357421875,0.01013671875,0.27972412109375,NA,NA,NA,NA,NA,NA,NA,NA,0.009189453125
"51.49525,-0.25964_86",0.2612548828125,NA,NA,NA,0.25661865234375,NA,NA,NA,NA,0.05713623046875,0.1858984375,NA,NA,NA,NA,NA,NA,NA,NA,0.239091796875
"51.49525,-0.25964_356",0.356845703125,NA,NA,0.0055712890625,0.0122314453125,0.0227734375,NA,NA,0.51240234375,0.0771875,NA,NA,NA,0.0020361328125,NA,NA,NA,NA,NA,0.0109521484375
"51.49526,-0.25935_86",0.19076904296875,NA,NA,NA,0.264443359375,NA,NA,NA,0.27162109375,0.12056640625,0.12029296875,NA,NA,NA,NA,NA,NA,NA,NA,0.03230712890625
"51.49526,-0.25935_266",0.19045654296875,NA,NA,NA,0.244541015625,NA,NA,NA,0.2831640625,0.1210009765625,0.15529296875,NA,NA,NA,NA,NA,NA,NA,NA,0.00554443359375
"51.49526,-0.25935_356",0.13732177734375,NA,NA,0.005576171875,NA,NA,NA,NA,0.52318115234375,0.3202392578125,0.00784423828125,NA,NA,NA,NA,NA,NA,NA,NA,0.00583740234375
"51.49526,-0.25935_176",NA,NA,NA,NA,0.52189453125,NA,NA,NA,0.22206787109375,NA,0.25411376953125,NA,NA,NA,NA,NA,NA,NA,NA,0.001923828125
"51.49529,-0.25875_176",NA,NA,NA,NA,0.14510009765625,NA,NA,NA,0.79742431640625,NA,NA,NA,NA,NA,NA,NA,NA,NA,NA,0.0574755859375
"51.49529,-0.25875_86",0.17026123046875,NA,0.05933837890625,NA,NA,NA,NA,NA,0.5571142578125,0.01478759765625,0.18342041015625,NA,NA,0.004228515625,NA,NA,NA,NA,NA,0.010849609375
"51.49529,-0.25875_266",0.1764453125,NA,NA,NA,NA,0.00633544921875,NA,NA,0.38391845703125,0.13659912109375,0.1679736328125,0.00258544921875,NA,0.0010546875,NA,NA,NA,NA,NA,0.125087890625
"51.49529,-0.25875_356",0.09298583984375,NA,0.0819091796875,NA,NA,0.00674072265625,NA,0.0069287109375,0.43486328125,NA,NA,NA,NA,NA,NA,NA,NA,NA,NA,0.376572265625
"51.49528,-0.25905_86",0.17228271484375,NA,NA,NA,0.2024658203125,NA,NA,NA,0.2729541015625,0.1495263671875,0.1521044921875,NA,NA,0.04518310546875,NA,NA,NA,NA,NA,0.0054833984375
"51.49528,-0.25905_176",0.094912109375,NA,NA,NA,0.36852783203125,NA,NA,NA,0.3339404296875,NA,0.16579833984375,NA,NA,NA,NA,NA,NA,NA,NA,0.0368212890625
"51.49528,-0.25905_266",0.20785888671875,NA,NA,NA,0.06702880859375,NA,NA,NA,NA,NA,0.294208984375,NA,NA,0.0356591796875,0.01852783203125,NA,NA,NA,NA,0.37671630859375
"51.49528,-0.25905_356",0.02290771484375,NA,0.03169189453125,NA,NA,NA,NA,NA,0.25084716796875,0.3482470703125,NA,NA,NA,0.05878173828125,NA,NA,NA,NA,NA,0.2875244140625
"51.49531,-0.25845_356",0.2847265625,NA,NA,NA,NA,NA,NA,0.00213623046875,0.6407275390625,0.0565283203125,NA,NA,NA,NA,NA,NA,NA,NA,NA,0.01588134765625
"51.49531,-0.25845_266",0.16984130859375,NA,NA,NA,NA,NA,NA,0.0031787109375,0.60847412109375,0.05894287109375,NA,NA,NA,NA,NA,NA,NA,NA,NA,0.15956298828125
"51.49531,-0.25845_176",NA,NA,NA,NA,NA,NA,NA,NA,0.99562255859375,NA,NA,NA,NA,NA,NA,NA,NA,NA,NA,0.00437744140625
"51.49531,-0.25845_86",0.23673828125,NA,NA,0.00694091796875,0.1710400390625,NA,NA,0.00226806640625,0.53499267578125,0.04242919921875,NA,NA,NA,NA,NA,NA,NA,NA,NA,0.0055908203125
"51.49540,-0.25697_176",0.18644775390625,NA,NA,NA,0.05451171875,NA,NA,NA,0.3752978515625,0.2060791015625,0.14830078125,0.016708984375,NA,NA,NA,NA,NA,0.008974609375,NA,0.00367919921875
"51.49540,-0.25697_86",0.1950146484375,NA,0.00658447265625,0.00395263671875,0.03244384765625,NA,NA,NA,0.488115234375,0.2435595703125,0.0107568359375,NA,NA,0.00076904296875,NA,NA,NA,NA,0.009970703125,0.0088330078125
"51.49540,-0.25697_266",0.12747314453125,NA,0.02061279296875,NA,NA,0.02791015625,NA,NA,0.18580810546875,0.2890869140625,0.32722412109375,0.010390625,NA,0.0012255859375,NA,NA,NA,NA,NA,0.0102685546875
"51.49540,-0.25697_356",NA,NA,NA,0.00219970703125,NA,0.0292236328125,NA,NA,0.227861328125,0.44815185546875,NA,NA,NA,NA,NA,NA,NA,NA,NA,0.2925634765625
"51.49532,-0.25816_176",0.29215087890625,NA,NA,NA,NA,NA,NA,0.00169189453125,0.69759521484375,NA,NA,NA,NA,NA,NA,NA,NA,NA,NA,0.00856201171875
"51.49532,-0.25816_86",0.30627197265625,NA,NA,NA,NA,NA,NA,0.00176025390625,0.4496435546875,0.15767822265625,0.0188916015625,NA,NA,NA,0.05921142578125,NA,NA,NA,NA,0.00654296875
"51.49532,-0.25816_266",0.25152587890625,NA,NA,0.01162353515625,0.0678271484375,NA,NA,NA,0.50143798828125,0.14987548828125,NA,NA,NA,0.00615478515625,NA,NA,NA,NA,NA,0.01155517578125
"51.49532,-0.25816_356",0.0471875,NA,NA,NA,NA,NA,NA,NA,0.5113232421875,0.35740478515625,NA,NA,NA,0.0038330078125,0.056494140625,NA,NA,NA,NA,0.02375732421875
"51.49549,-0.25748_5",0.0953857421875,NA,0.1540185546875,0.004833984375,NA,NA,NA,NA,0.11082763671875,0.3204931640625,0.2808056640625,0.00096435546875,NA,0.00268798828125,NA,NA,NA,NA,NA,0.02998291015625
"51.49549,-0.25748_95",0.19369873046875,NA,0.10977294921875,0.00314697265625,NA,NA,NA,NA,0.1897265625,0.24926513671875,0.2362646484375,NA,NA,0.00505126953125,NA,NA,NA,NA,NA,0.01307373046875
"51.49549,-0.25748_185",0.04252197265625,NA,0.05285888671875,NA,NA,NA,NA,NA,0.4382080078125,0.42308349609375,0.0401953125,NA,NA,NA,NA,NA,NA,NA,NA,0.00313232421875
"51.49549,-0.25748_275",0.1447607421875,NA,0.0730322265625,NA,NA,NA,NA,NA,0.267734375,0.31427978515625,0.18635498046875,NA,NA,0.00291259765625,NA,NA,NA,NA,NA,0.01092529296875
"51.49551,-0.25775_275",0.13269775390625,NA,0.0469140625,NA,NA,NA,NA,NA,0.17617431640625,0.32675537109375,0.2751806640625,0.00085693359375,NA,0.00253662109375,NA,0.004228515625,NA,NA,NA,0.03465576171875
"51.49551,-0.25775_5",0.13792724609375,NA,0.130185546875,NA,NA,NA,NA,0.00212890625,0.2185888671875,0.2623828125,NA,NA,NA,0.00394287109375,NA,NA,NA,NA,NA,0.24484375
"51.49551,-0.25775_95",0.23259033203125,NA,0.126494140625,NA,NA,NA,NA,NA,0.16906494140625,0.206328125,0.25324951171875,0.0008251953125,NA,0.0006787109375,NA,NA,NA,NA,NA,0.01076904296875
"51.49551,-0.25775_185",0.02364990234375,NA,0.11993408203125,NA,0.0060791015625,NA,NA,NA,0.2193212890625,0.41595947265625,NA,NA,NA,0.00283935546875,NA,NA,NA,NA,NA,0.212216796875
"51.49553,-0.25802_275",0.25732421875,NA,0.05023681640625,0.01053466796875,NA,0.009189453125,NA,NA,0.30619873046875,0.19998779296875,0.13814208984375,0.00072021484375,NA,0.003515625,NA,0.00394775390625,NA,NA,NA,0.02020263671875
"51.49553,-0.25802_5",0.30018798828125,NA,0.10207763671875,NA,0.0655126953125,NA,NA,0.00194580078125,0.39783203125,0.1064990234375,0.0238134765625,NA,NA,NA,NA,NA,NA,NA,NA,0.00213134765625
"51.49553,-0.25802_95",0.16761962890625,NA,0.06580078125,NA,NA,NA,NA,0.00194580078125,0.16724853515625,0.2772412109375,0.276162109375,NA,NA,0.00292236328125,NA,NA,NA,NA,NA,0.0410595703125
"51.49553,-0.25802_185",0.04957763671875,NA,0.0686328125,NA,NA,NA,NA,NA,0.1049560546875,0.4045068359375,0.3456494140625,NA,NA,0.00701171875,NA,NA,NA,NA,NA,0.01966552734375
"51.49556,-0.25829_275",0.11927978515625,NA,NA,0.0072314453125,NA,NA,NA,NA,0.413212890625,0.26228515625,NA,NA,NA,0.0045703125,0.12188720703125,NA,NA,NA,NA,0.071533203125
"51.49556,-0.25829_5",0.0024365234375,NA,0.036572265625,0.0172705078125,NA,NA,NA,NA,0.54224609375,0.3879296875,NA,NA,NA,NA,NA,NA,NA,NA,0.001044921875,0.0125
"51.49556,-0.25829_95",0.27550048828125,NA,NA,NA,0.0143505859375,NA,NA,NA,0.4527197265625,0.13634033203125,NA,0.00587158203125,NA,0.0644091796875,0.02391845703125,NA,0.006845703125,NA,NA,0.0200439453125
"51.49556,-0.25829_185",0.23384765625,NA,0.12866455078125,NA,NA,NA,NA,NA,0.24564208984375,0.1133349609375,NA,0.016044921875,NA,NA,0.2525390625,0.007431640625,NA,NA,NA,0.0024951171875
"51.49477,-0.26023_351",0.3024658203125,NA,0.08142822265625,0.11048828125,0.13556396484375,0.01158935546875,NA,0.00545166015625,0.13673583984375,NA,0.20371337890625,NA,NA,NA,NA,NA,NA,NA,NA,0.0125634765625
"51.49477,-0.26023_81",0.344892578125,NA,0.06005859375,0.06399169921875,0.01852783203125,NA,NA,NA,0.3293115234375,0.033076171875,0.1471630859375,NA,NA,NA,NA,NA,NA,NA,NA,0.002978515625
"51.49477,-0.26023_171",0.362763671875,NA,NA,NA,0.03884765625,NA,NA,NA,0.4883642578125,0.0370068359375,0.06860595703125,NA,NA,NA,NA,NA,NA,NA,NA,0.00441162109375
"51.49477,-0.26023_261",0.27112060546875,NA,NA,NA,0.15858154296875,NA,NA,0.00109130859375,0.54081787109375,NA,0.01900146484375,NA,NA,NA,NA,NA,NA,NA,NA,0.00938720703125
"51.49580,-0.26262_44",0.2232958984375,NA,0.129912109375,NA,0.0368701171875,NA,NA,0.00187744140625,0.25567138671875,NA,0.3169677734375,NA,NA,0.00749755859375,NA,NA,NA,NA,NA,0.02790771484375
"51.49580,-0.26262_134",0.3779296875,0.01168212890625,0.0557763671875,NA,0.027958984375,NA,NA,NA,0.22722900390625,0.00749755859375,0.27737060546875,NA,NA,0.00795654296875,NA,NA,NA,NA,NA,0.00659912109375
"51.49580,-0.26262_224",0.42048095703125,0.02622314453125,0.05395751953125,0.02637451171875,NA,NA,NA,NA,0.19020263671875,0.0023779296875,0.27717041015625,NA,NA,NA,NA,NA,NA,NA,NA,0.003212890625
"51.49580,-0.26262_314",0.30697509765625,0.01700439453125,0.08838134765625,0.01711181640625,NA,NA,NA,NA,0.27963623046875,NA,NA,NA,NA,NA,NA,NA,NA,NA,NA,0.29089111328125
"51.49548,-0.25721_185",0.30584716796875,NA,0.01415283203125,NA,0.01503662109375,NA,NA,NA,0.38497314453125,0.13472900390625,0.139921875,NA,NA,0.00205078125,NA,NA,NA,NA,NA,0.00328857421875
"51.49548,-0.25721_5",0.05414794921875,NA,0.1237744140625,0.01445068359375,NA,NA,NA,NA,NA,0.35361328125,0.3150244140625,0.006103515625,NA,0.00908447265625,NA,0.02235595703125,NA,NA,NA,0.1014453125
"51.49548,-0.25721_275",0.172861328125,NA,0.0531591796875,0.002255859375,0.00751953125,NA,NA,NA,0.19002685546875,0.2850048828125,NA,0.0063916015625,NA,0.00074462890625,NA,0.01387451171875,NA,NA,NA,0.26816162109375
"51.49548,-0.25721_95",0.28412109375,NA,0.08172607421875,0.001767578125,NA,NA,NA,NA,0.09451904296875,0.17869140625,0.32808349609375,NA,NA,0.006923828125,NA,NA,NA,NA,NA,0.02416748046875
"51.49533,-0.25786_86",0.2126513671875,NA,0.03905029296875,0.00087890625,0.1413427734375,NA,NA,NA,0.31739501953125,0.1276708984375,0.1459033203125,NA,NA,0.00606201171875,NA,NA,NA,NA,NA,0.00904541015625
"51.49533,-0.25786_176",NA,NA,NA,NA,NA,NA,NA,NA,0.91504150390625,NA,NA,NA,NA,NA,NA,NA,NA,NA,NA,0.08495849609375
"51.49533,-0.25786_266",0.22524169921875,NA,0.0150439453125,NA,0.171279296875,NA,NA,NA,0.36541015625,0.13699462890625,0.08388671875,NA,NA,0.0008740234375,NA,NA,NA,NA,NA,0.00126953125
"51.49533,-0.25786_356",0.06181640625,NA,0.06047119140625,NA,NA,NA,NA,0.00350830078125,0.1870166015625,0.37740966796875,0.302666015625,NA,NA,0.002509765625,NA,NA,NA,NA,NA,0.00460205078125
"51.49535,-0.25756_86",0.22225830078125,NA,0.017490234375,0.00072265625,0.02713623046875,NA,NA,NA,0.51235595703125,0.19013671875,NA,NA,NA,NA,NA,NA,NA,NA,NA,0.02989990234375
"51.49535,-0.25756_176",0.25109619140625,NA,NA,NA,0.09659912109375,NA,NA,NA,0.61370361328125,NA,0.02262451171875,NA,NA,0.00149169921875,NA,NA,NA,NA,NA,0.01448486328125
"51.49535,-0.25756_266",0.24330810546875,NA,0.00383056640625,0.00180419921875,0.11598388671875,NA,NA,0.000458984375,0.549873046875,0.064951171875,0.01768310546875,NA,NA,0.00113525390625,NA,NA,NA,NA,NA,0.0009716796875
"51.49535,-0.25756_356",0.02769775390625,NA,0.0558203125,NA,NA,NA,NA,NA,0.558623046875,0.33696044921875,NA,NA,NA,0.00225830078125,NA,NA,NA,NA,NA,0.01864013671875
"51.49536,-0.25726_86",0.285244140625,NA,NA,NA,0.1480419921875,NA,NA,NA,0.50116943359375,0.052255859375,NA,NA,NA,NA,NA,NA,NA,NA,NA,0.01328857421875
"51.49536,-0.25726_176",0.12385009765625,NA,NA,NA,NA,NA,NA,NA,0.86189208984375,NA,NA,NA,NA,NA,NA,NA,NA,NA,NA,0.0142578125
"51.49536,-0.25726_266",0.2492919921875,NA,0.00495361328125,0.00775146484375,0.0908447265625,NA,NA,NA,0.45441162109375,0.13083984375,0.03671630859375,0.02178955078125,NA,NA,NA,NA,NA,NA,NA,0.00340087890625
"51.49536,-0.25726_356",0.28884765625,NA,0.02339111328125,NA,NA,NA,NA,0.00119873046875,0.5666064453125,0.117978515625,NA,NA,NA,NA,NA,NA,NA,NA,NA,0.0019775390625
"51.49546,-0.25694_275",0.15820556640625,NA,0.03965087890625,0.00250244140625,0.0050341796875,NA,NA,NA,0.1061181640625,0.301240234375,0.36610595703125,NA,NA,0.0083447265625,NA,NA,NA,NA,NA,0.0127978515625
"51.49546,-0.25694_5",0.09967041015625,0.02464599609375,0.067275390625,NA,0.00506103515625,NA,NA,NA,NA,0.34539306640625,0.40252685546875,NA,NA,0.0025390625,NA,NA,NA,NA,NA,0.05288818359375
"51.49546,-0.25694_95",0.18351806640625,NA,NA,NA,0.0449755859375,NA,NA,NA,0.23172607421875,0.26395751953125,NA,NA,NA,NA,NA,NA,NA,NA,NA,0.27582275390625
"51.49546,-0.25694_185",0.061279296875,NA,NA,NA,0.02470947265625,NA,NA,NA,0.392890625,0.40230712890625,0.11204833984375,NA,NA,0.0022705078125,NA,NA,NA,NA,NA,0.00449462890625
"51.49511,-0.26494_76",0.25849365234375,NA,0.16398193359375,NA,NA,NA,NA,NA,0.31086669921875,NA,0.0803173828125,NA,NA,0.18458740234375,NA,NA,NA,NA,NA,0.0017529296875
"51.49511,-0.26494_166",0.14934814453125,0.03896484375,0.18843505859375,NA,0.29531494140625,NA,NA,NA,0.00992431640625,NA,0.15520751953125,NA,NA,0.15927734375,NA,NA,NA,NA,NA,0.00352783203125
"51.49511,-0.26494_256",0.31246826171875,0.03373046875,0.050908203125,NA,0.1609765625,NA,NA,NA,0.3372900390625,0.01350341796875,0.0859326171875,NA,NA,NA,NA,NA,NA,NA,NA,0.0051904296875
"51.49511,-0.26494_346",0.37586669921875,0.01458740234375,NA,NA,NA,NA,NA,NA,0.54476318359375,0.017470703125,0.04143798828125,NA,NA,NA,NA,NA,NA,NA,NA,0.0058740234375
"51.49522,-0.26065_271",0.2495166015625,NA,0.00295654296875,0.00399658203125,0.0191552734375,NA,NA,NA,0.45012939453125,0.20141357421875,0.06526611328125,0.00193603515625,NA,NA,NA,NA,NA,NA,NA,0.0056298828125
"51.49522,-0.26065_1",0.117861328125,NA,0.0104638671875,NA,NA,NA,NA,0.00218994140625,0.4887158203125,0.34068603515625,0.03909423828125,NA,NA,NA,NA,NA,NA,NA,NA,0.00098876953125
"51.49522,-0.26065_91",0.24483154296875,NA,NA,NA,0.01449951171875,NA,NA,NA,0.44031005859375,0.19412841796875,0.1013134765625,NA,NA,NA,NA,NA,NA,NA,NA,0.0049169921875
"51.49522,-0.26065_181",0.29704345703125,NA,0.00942138671875,NA,0.03235107421875,NA,NA,0.0019482421875,0.50102783203125,0.1220654296875,0.0341015625,NA,NA,NA,NA,NA,NA,NA,NA,0.002041015625
"51.49447,-0.26374_162",0.1886669921875,NA,0.0181396484375,NA,0.47061279296875,NA,NA,NA,NA,NA,0.26257080078125,NA,NA,NA,NA,NA,NA,NA,NA,0.060009765625
"51.49447,-0.26374_252",0.04155029296875,NA,0.1383837890625,NA,0.60014892578125,NA,NA,NA,NA,NA,0.2171923828125,NA,NA,NA,NA,NA,NA,NA,NA,0.002724609375
"51.49447,-0.26374_72",0.05400634765625,NA,0.041396484375,NA,0.56798095703125,NA,NA,NA,NA,NA,0.3365478515625,NA,NA,NA,NA,NA,NA,NA,NA,6.8359375e-05
"51.49447,-0.26374_342",0.1909912109375,NA,0.16225830078125,NA,0.34711669921875,NA,NA,NA,0.00047119140625,NA,0.2984375,NA,NA,NA,NA,NA,NA,NA,NA,0.00072509765625
"51.49457,-0.26386_342",0.29607421875,NA,0.03128662109375,0.27731201171875,0.10888671875,0.04369873046875,NA,0.00283447265625,0.15206298828125,NA,0.0811279296875,NA,NA,NA,NA,NA,NA,NA,NA,0.00671630859375
"51.49457,-0.26386_72",0.4024462890625,NA,0.12590087890625,NA,0.278388671875,0.04532958984375,NA,NA,2.44140625e-05,NA,0.09202392578125,NA,NA,NA,NA,NA,NA,NA,NA,0.05588623046875
"51.49457,-0.26386_162",0.254208984375,NA,0.248779296875,NA,0.26404296875,NA,NA,NA,NA,NA,0.2312451171875,NA,NA,NA,NA,NA,NA,NA,NA,0.0017236328125
"51.49457,-0.26386_252",0.2696923828125,NA,NA,NA,0.2811962890625,NA,NA,0.00147705078125,0.07845458984375,NA,0.24335693359375,NA,NA,NA,NA,NA,NA,NA,NA,0.12582275390625
"51.49493,-0.26397_72",0.3880419921875,NA,0.06983642578125,NA,NA,0.05052001953125,NA,0.00907958984375,0.07570556640625,0.00263671875,0.3814990234375,NA,NA,0.0168212890625,NA,NA,NA,NA,NA,0.005859375
"51.49493,-0.26397_162",0.27687744140625,NA,0.04337890625,0.0367822265625,0.019052734375,NA,NA,NA,0.33754150390625,NA,NA,NA,NA,0.006123046875,NA,NA,NA,NA,NA,0.280244140625
"51.49493,-0.26397_252",NA,NA,0.04452392578125,NA,NA,NA,NA,0.00201416015625,0.6933984375,NA,0.256650390625,NA,NA,NA,NA,NA,NA,NA,NA,0.0034130859375
"51.49493,-0.26397_342",0.24110595703125,NA,0.072919921875,0.011123046875,NA,0.03717529296875,NA,NA,0.28393310546875,0.0241845703125,0.31784912109375,NA,NA,NA,NA,NA,NA,NA,NA,0.011708984375
"51.49512,-0.26404_342",0.37689208984375,NA,0.2031103515625,NA,NA,NA,NA,NA,0.12259521484375,0.0010986328125,0.26474609375,NA,NA,NA,NA,NA,NA,NA,NA,0.0315576171875
"51.49512,-0.26404_72",0.32528076171875,NA,NA,NA,NA,NA,NA,NA,0.26080322265625,0.00762451171875,0.401123046875,NA,NA,NA,NA,NA,NA,NA,NA,0.00516845703125
"51.49512,-0.26404_162",0.3355126953125,NA,0.19294189453125,0.00544921875,NA,NA,NA,0.0016796875,0.13036865234375,0.00738525390625,0.31614990234375,0.00580078125,NA,NA,NA,NA,NA,NA,NA,0.0047119140625
"51.49512,-0.26404_252",0.33255615234375,NA,0.4720849609375,NA,NA,NA,NA,0.00160400390625,0.00917724609375,NA,0.184462890625,NA,NA,NA,NA,NA,NA,NA,NA,0.00011474609375
"51.49457,-0.26166_86",0.22521240234375,NA,0.14788330078125,0.0001953125,NA,NA,NA,NA,0.24498779296875,NA,0.27820068359375,NA,NA,0.00121826171875,0.08492919921875,NA,NA,NA,NA,0.017373046875
"51.49457,-0.26166_176",NA,NA,0.32501953125,NA,0.03346923828125,NA,NA,NA,0.5268359375,0.025048828125,0.0846923828125,0.00124755859375,NA,NA,NA,NA,NA,NA,NA,0.0036865234375
"51.49457,-0.26166_266",0.29232666015625,NA,0.1583349609375,0.0012158203125,0.02499267578125,NA,NA,0.00194091796875,0.2048681640625,0.01618408203125,0.2981640625,NA,NA,NA,NA,NA,NA,NA,NA,0.00197265625
"51.49457,-0.26166_356",0.4140771484375,NA,NA,0.0332861328125,NA,NA,NA,NA,0.052626953125,0.00898681640625,0.40947021484375,NA,NA,NA,0.07908203125,NA,NA,NA,NA,0.002470703125
"51.49488,-0.26576_166",0.0934375,NA,0.1376953125,NA,0.166982421875,NA,NA,NA,0.2173095703125,NA,0.350263671875,NA,NA,NA,NA,NA,NA,NA,NA,0.0343115234375
"51.49488,-0.26576_76",0.316376953125,NA,0.06336669921875,0.00333251953125,0.0309619140625,NA,NA,NA,0.4119677734375,NA,0.1681640625,NA,NA,NA,NA,NA,NA,NA,NA,0.005830078125
"51.49488,-0.26576_346",0.3838134765625,NA,0.00533203125,NA,NA,NA,NA,NA,0.5833447265625,0.016826171875,0.004658203125,NA,NA,NA,NA,NA,NA,NA,NA,0.006025390625
"51.49488,-0.26576_256",0.30150146484375,NA,0.04610595703125,0.03610107421875,0.027783203125,NA,NA,0.0013623046875,0.3812890625,0.0486376953125,0.154375,NA,NA,NA,NA,NA,NA,NA,NA,0.00284423828125
"51.49517,-0.26467_76",0.21388427734375,0.07822509765625,0.14357177734375,0.0111669921875,0.01235107421875,NA,NA,NA,0.27444580078125,0.0218115234375,NA,NA,NA,0.08341064453125,NA,NA,NA,NA,NA,0.1611328125
"51.49517,-0.26467_166",0.05351318359375,NA,0.26093505859375,0.239384765625,0.0694189453125,NA,NA,0.00275634765625,0.10096923828125,NA,0.26064453125,NA,NA,NA,NA,NA,NA,NA,0.00065673828125,0.01172119140625
"51.49517,-0.26467_256",0.1908154296875,NA,0.11561767578125,NA,NA,NA,NA,NA,0.333662109375,0.0206640625,0.1171240234375,NA,NA,0.1441796875,NA,NA,NA,NA,NA,0.07793701171875
"51.49517,-0.26467_346",0.0811669921875,NA,NA,NA,NA,NA,NA,NA,0.5651171875,0.01681640625,NA,NA,NA,0.3289892578125,NA,NA,NA,NA,NA,0.00791015625
"51.49523,-0.26439_76",0.27583740234375,NA,0.09081298828125,0.0011865234375,0.01192138671875,NA,NA,NA,NA,0.0133984375,0.14802490234375,NA,NA,0.16496337890625,NA,NA,NA,NA,NA,0.29385498046875
"51.49523,-0.26439_166",0.04854248046875,0.01690185546875,0.21858642578125,NA,0.20853515625,NA,NA,NA,NA,NA,0.3126416015625,NA,NA,0.13599853515625,NA,NA,NA,NA,NA,0.0587939453125
"51.49523,-0.26439_256",0.26258056640625,NA,0.08628662109375,NA,0.10850341796875,NA,NA,NA,0.2968798828125,0.03902099609375,0.1427587890625,NA,NA,0.0429443359375,NA,NA,NA,NA,NA,0.021025390625
"51.49523,-0.26439_346",0.35596435546875,NA,NA,NA,NA,NA,NA,NA,0.59273193359375,NA,NA,NA,NA,0.048896484375,NA,NA,NA,NA,NA,0.0024072265625
"51.49504,-0.26521_256",0.30157958984375,0.0157861328125,0.03118408203125,NA,0.1841650390625,NA,NA,NA,0.33216064453125,0.02948974609375,0.09972900390625,NA,NA,NA,NA,NA,NA,NA,NA,0.00590576171875
"51.49504,-0.26521_166",0.0308203125,NA,0.19637451171875,NA,0.57771484375,0.0508984375,NA,NA,NA,0.05552978515625,0.0833154296875,NA,NA,NA,NA,NA,NA,NA,NA,0.0053466796875
"51.49504,-0.26521_76",0.282783203125,NA,0.17208251953125,NA,0.0584716796875,0.09482421875,NA,NA,0.2351904296875,0.0575927734375,0.0971435546875,NA,NA,0.000439453125,NA,NA,NA,NA,NA,0.00147216796875
"51.49504,-0.26521_346",0.39917236328125,NA,NA,NA,NA,NA,NA,NA,0.5590673828125,0.01232177734375,0.023251953125,NA,NA,NA,NA,NA,NA,NA,NA,0.0061865234375
"51.49496,-0.26549_346",0.37932861328125,NA,NA,NA,NA,0.01861572265625,NA,0.00388671875,0.5696337890625,0.01095458984375,NA,NA,NA,NA,NA,NA,NA,NA,NA,0.01758056640625
"51.49496,-0.26549_256",0.316318359375,NA,0.05785888671875,0.02021728515625,NA,NA,NA,NA,0.29764404296875,0.045654296875,0.1507177734375,NA,NA,0.105634765625,NA,NA,NA,NA,NA,0.00595458984375
"51.49496,-0.26549_166",0.24332275390625,NA,0.27019287109375,NA,NA,NA,NA,NA,0.127861328125,NA,0.2354833984375,NA,NA,0.1224951171875,NA,NA,NA,NA,NA,0.00064453125
"51.49496,-0.26549_76",0.337314453125,NA,0.16605224609375,0.01080810546875,0.01968505859375,0.00859375,NA,0.00218994140625,0.355595703125,0.0150390625,0.0839697265625,NA,NA,NA,NA,NA,NA,NA,NA,0.000751953125
"51.49459,-0.26140_176",NA,NA,0.72238037109375,NA,0.1397412109375,NA,NA,0.00197509765625,NA,NA,0.13232666015625,NA,NA,NA,NA,NA,NA,NA,NA,0.00357666015625
"51.49459,-0.26140_86",0.44311767578125,NA,NA,NA,NA,0.00832275390625,NA,NA,0.24565185546875,0.00215087890625,0.2231982421875,NA,NA,NA,NA,NA,NA,NA,NA,0.07755859375
"51.49459,-0.26140_266",0.17893798828125,NA,0.037021484375,NA,0.130029296875,NA,NA,NA,0.0628076171875,0.011513671875,0.31009033203125,NA,NA,0.07203857421875,NA,NA,NA,0.00360107421875,NA,0.1939599609375
"51.49459,-0.26140_356",0.30566162109375,NA,0.01678955078125,NA,NA,NA,NA,NA,0.15805908203125,NA,0.380078125,NA,NA,0.1369287109375,NA,NA,NA,NA,NA,0.00248291015625
"51.49456,-0.26677_152",0.4438232421875,0.01869140625,0.41555908203125,0.0045068359375,NA,NA,NA,NA,0.0125048828125,NA,0.095126953125,NA,NA,0.0071923828125,NA,NA,NA,NA,NA,0.00259521484375
"51.49456,-0.26677_62",0.34706298828125,0.00730224609375,0.3747705078125,0.00453125,NA,NA,NA,NA,0.11436279296875,NA,0.14842529296875,NA,NA,NA,NA,NA,NA,NA,NA,0.003544921875
"51.49456,-0.26677_242",0.40774169921875,NA,0.43420166015625,NA,NA,NA,NA,0.0020458984375,0.02887939453125,0.01331298828125,0.09656005859375,0.00353759765625,NA,0.00952392578125,NA,NA,NA,NA,NA,0.00419677734375
"51.49456,-0.26677_332",0.22723876953125,NA,0.377783203125,NA,0.16971435546875,NA,NA,0.0011279296875,NA,0.00714111328125,0.14718017578125,NA,NA,0.00173828125,NA,NA,NA,NA,NA,0.068076171875
"51.49544,-0.26182_113",0.1778759765625,NA,0.0034423828125,NA,NA,NA,NA,NA,0.53519775390625,0.27133056640625,0.0019384765625,NA,NA,0.00107421875,NA,NA,NA,NA,NA,0.009140625
"51.49544,-0.26182_203",0.15265380859375,NA,NA,NA,NA,NA,NA,NA,0.5297998046875,0.3155908203125,NA,NA,NA,NA,NA,NA,NA,NA,NA,0.00195556640625
"51.49544,-0.26182_293",0.249765625,NA,0.0067236328125,NA,NA,NA,NA,NA,0.5457958984375,0.19591552734375,NA,NA,NA,NA,NA,NA,NA,NA,NA,0.00179931640625
"51.49544,-0.26182_23",0.12886474609375,NA,NA,0.00603759765625,0.00575439453125,NA,NA,NA,0.56466064453125,0.267216796875,0.0179833984375,0.00068603515625,NA,0.00067626953125,NA,NA,NA,NA,NA,0.0081201171875
"51.49535,-0.26156_203",0.12367919921875,NA,NA,NA,0.00666259765625,NA,NA,0.0013623046875,0.3801904296875,0.346591796875,0.13740234375,NA,NA,NA,NA,NA,NA,NA,NA,0.004111328125
"51.49535,-0.26156_293",0.17150634765625,NA,NA,NA,NA,NA,NA,NA,0.5307958984375,0.29634033203125,NA,NA,NA,NA,NA,NA,NA,NA,NA,0.001357421875
"51.49535,-0.26156_23",0.05189453125,NA,NA,NA,NA,NA,NA,NA,0.5121728515625,0.4025048828125,0.030234375,NA,NA,NA,NA,NA,NA,NA,NA,0.003193359375
"51.49535,-0.26156_113",0.17447998046875,NA,NA,NA,0.00822265625,NA,NA,NA,0.2163671875,0.2964892578125,NA,NA,NA,NA,NA,NA,NA,NA,NA,0.30444091796875
"51.49523,-0.26098_91",0.2041943359375,NA,0.01117919921875,0.02137451171875,NA,NA,NA,NA,0.36048583984375,0.252861328125,0.14582763671875,NA,NA,NA,NA,NA,NA,NA,NA,0.0040771484375
"51.49523,-0.26098_181",0.2688916015625,NA,NA,NA,0.0341943359375,NA,NA,NA,0.42622802734375,0.18421875,0.078525390625,NA,NA,NA,NA,NA,NA,NA,NA,0.00794189453125
"51.49523,-0.26098_271",0.2331103515625,NA,NA,NA,0.01143310546875,NA,NA,NA,0.2445166015625,0.24230712890625,NA,NA,NA,NA,NA,NA,NA,NA,NA,0.2686328125
"51.49523,-0.26098_1",0.0331591796875,NA,NA,NA,NA,NA,NA,NA,0.3040234375,0.429267578125,NA,NA,NA,NA,NA,NA,NA,NA,NA,0.2335498046875
"51.49498,-0.26020_262",0.68610595703125,NA,NA,NA,NA,NA,NA,NA,0.28050048828125,NA,NA,NA,NA,NA,NA,NA,NA,NA,NA,0.0333935546875
"51.49498,-0.26020_172",0.49955810546875,NA,0.00960693359375,NA,NA,NA,NA,0.0017333984375,0.43267822265625,NA,0.02072265625,NA,NA,NA,NA,NA,NA,NA,NA,0.03570068359375
"51.49498,-0.26020_82",0.430703125,NA,0.36485595703125,NA,NA,NA,NA,NA,0.05817138671875,NA,0.10953857421875,NA,0.0030712890625,NA,NA,NA,NA,NA,0.0042578125,0.02940185546875
"51.49498,-0.26020_352",0.45261962890625,NA,0.17320068359375,0.02116943359375,NA,NA,NA,NA,0.33474609375,NA,NA,NA,0.00442138671875,NA,NA,NA,NA,NA,0.007841796875,0.0060009765625
"51.49480,-0.26018_82",0.34585205078125,NA,0.20760009765625,0.20524658203125,0.006796875,NA,NA,NA,0.069580078125,NA,0.16096923828125,NA,NA,NA,NA,NA,NA,NA,NA,0.003955078125
"51.49480,-0.26018_352",0.34744140625,NA,0.26241455078125,0.11992919921875,NA,NA,NA,0.00105712890625,0.0635205078125,NA,0.1969921875,NA,NA,0.00126220703125,NA,NA,NA,NA,NA,0.0073828125
"51.49480,-0.26018_262",0.27006103515625,NA,0.36290283203125,NA,0.04260009765625,NA,NA,0.00154296875,0.3209130859375,NA,NA,NA,NA,NA,NA,NA,NA,NA,NA,0.00197998046875
"51.49480,-0.26018_172",0.2669287109375,NA,0.3091552734375,NA,NA,NA,NA,NA,0.3061767578125,NA,NA,NA,NA,NA,NA,NA,NA,NA,NA,0.1177392578125
"51.49546,-0.25954_79",0.2172412109375,NA,0.02561279296875,0.00624267578125,0.0142724609375,NA,NA,NA,0.46019287109375,0.17305908203125,NA,NA,NA,0.07530029296875,NA,NA,NA,NA,NA,0.02807861328125
"51.49546,-0.25954_169",NA,0.00832275390625,NA,NA,0.024912109375,NA,NA,NA,0.6583740234375,0.30033935546875,NA,NA,NA,0.00072021484375,NA,NA,NA,NA,NA,0.00733154296875
"51.49546,-0.25954_259",0.155927734375,NA,NA,0.01450439453125,NA,NA,NA,NA,0.323466796875,0.175224609375,0.13813720703125,NA,NA,0.149130859375,NA,NA,NA,NA,NA,0.0436083984375
"51.49546,-0.25954_349",0.2121630859375,NA,0.068212890625,0.02699462890625,0.0056787109375,NA,NA,NA,0.314072265625,NA,NA,NA,NA,0.238095703125,NA,NA,NA,NA,NA,0.13478271484375
"51.49550,-0.25929_79",0.2499853515625,0.0082958984375,NA,0.01092529296875,NA,NA,NA,NA,0.4830322265625,0.02257568359375,NA,NA,NA,0.0105908203125,NA,NA,NA,NA,NA,0.2145947265625
"51.49550,-0.25929_169",0.02142578125,NA,0.0105078125,0.0054052734375,NA,NA,NA,NA,0.8254150390625,0.00822265625,0.1111328125,NA,NA,0.009248046875,NA,NA,NA,NA,NA,0.008642578125
"51.49550,-0.25929_259",0.29315185546875,0.011103515625,0.0485009765625,0.01010498046875,0.01302978515625,NA,NA,NA,0.59536376953125,0.01005126953125,0.0118212890625,NA,NA,0.0008447265625,NA,NA,NA,NA,NA,0.00602783203125
"51.49550,-0.25929_349",0.43307861328125,0.0205419921875,0.035859375,0.02001953125,0.01334228515625,NA,NA,0.00169677734375,0.421083984375,NA,0.05348876953125,NA,NA,NA,NA,NA,NA,NA,NA,0.000888671875
"51.49555,-0.25904_79",0.24343017578125,0.0057568359375,0.03075927734375,NA,NA,NA,NA,NA,0.4648046875,0.1192431640625,NA,NA,NA,0.00093994140625,NA,0.13318603515625,NA,NA,NA,0.0018798828125
"51.49555,-0.25904_169",0.16080322265625,NA,NA,NA,NA,NA,NA,0.00141357421875,0.69408447265625,0.01763671875,0.10937255859375,NA,NA,NA,NA,NA,NA,NA,NA,0.016689453125
"51.49555,-0.25904_259",0.2511474609375,NA,NA,NA,NA,NA,NA,NA,0.3192236328125,NA,0.24880615234375,NA,NA,NA,NA,0.15660888671875,NA,NA,NA,0.0242138671875
"51.49555,-0.25904_349",0.2508740234375,NA,NA,NA,NA,NA,NA,NA,0.20091064453125,NA,0.1929052734375,NA,NA,NA,NA,0.3536376953125,NA,NA,NA,0.00167236328125
