LSOA11CD,asian(%),black(%),mixed(%),white(%),other(%),Heterogeneity index
E01000008,25.52954292084727,39.910813823857296,4.793756967670011,25.08361204013378,4.682274247491638,0.7081277987196266
E01000016,14.339826839826838,20.562770562770563,2.4891774891774894,57.84632034632035,4.761904761904762,0.5996473313843445
E01000020,22.33896756509822,19.735038830516217,3.2434901781635452,42.850616719963455,11.831886706258565,0.7124809645636714
E01000036,27.956254272043747,19.958988380041013,1.845522898154477,47.163362952836636,3.0758714969241283,0.6582836884668017
E01000048,19.34477379095164,41.18564742589704,5.77223088923557,26.053042121684868,7.644305772230889,0.7159007109114317
E01000051,32.761732851985556,34.11552346570397,5.054151624548736,23.916967509025273,4.1516245487364625,0.7147998149330761
E01000067,54.252461951656215,12.444046553267682,3.8943598925693825,26.544315129811995,2.864816472694718,0.6173842199458359
E01000070,62.475822050290134,8.027079303675048,1.9825918762088972,24.806576402321085,2.7079303675048356,0.5405707866765936
E01000074,16.591166477916193,19.988674971687427,4.756511891279728,56.17214043035108,2.491506228765572,0.614104469859136
E01000081,23.50859453993933,18.452982810920123,3.336703741152679,52.123356926188066,2.578361981799798,0.637220752851641
E01000094,19.37321937321937,43.14204314204314,5.901505901505902,28.083028083028083,3.5002035002035004,0.6927706821886717
E01000099,28.21710999281093,16.67864845434939,4.205607476635514,47.34004313443565,3.558590941768512,0.665418700168124
E01000105,13.521608900299528,27.813436029097133,5.305947796320068,51.3050919982884,2.053915275994865,0.6378994754071587
E01000111,22.96983758700696,17.122969837587007,3.480278422273782,52.5754060324826,3.851508120649652,0.6388070692987226
E01000121,16.8141592920354,11.776718856364875,8.168822328114365,56.092579986385296,7.147719537100068,0.6314395857941826
E01000144,23.012048192771083,5.36144578313253,3.8554216867469884,54.93975903614457,12.831325301204819,0.6243816228770503
E01000174,12.202043132803633,4.824063564131668,7.4347332576617475,68.27468785471056,7.264472190692395,0.5058357737634331
E01000182,10.864197530864198,1.9753086419753085,5.987654320987654,75.37037037037037,5.802469135802469,0.4127853985672916
E01000208,15.64039408866995,2.647783251231527,4.987684729064039,64.96305418719211,11.761083743842365,0.5364968817491325
E01000213,5.485544848035582,1.7790956263899185,3.9288361749444034,76.72349888806524,12.083024462564863,0.39188131009929117
E01000248,7.746478873239436,2.9342723004694835,4.753521126760563,82.21830985915493,2.3474178403755865,0.31434253014172686
E01000276,26.418786692759294,2.609262883235486,4.957599478147423,55.12067840834965,10.893672537508154,0.6113700374751765
E01000289,13.996200126662444,18.619379354021532,6.396453451551615,53.19822672577581,7.7897403419886,0.6525779096364932
E01000291,15.079872204472844,15.207667731629392,5.814696485623004,57.44408945686901,6.453674121405751,0.6166040278047138
E01000308,23.81628787878788,12.68939393939394,6.8181818181818175,44.98106060606061,11.695075757575758,0.7065205499598255
E01000318,30.853277835587928,4.266389177939646,5.82726326742976,45.00520291363163,14.04786680541103,0.6773105321914716
E01000334,12.372982665869694,10.818888224745965,4.184100418410042,69.27674835624626,3.3472803347280333,0.4901882112765277
E01000335,13.07861866274798,28.214548126377665,4.886113152094048,50.5878030859662,3.2329169728141074,0.6439437332946072
E01000356,23.224568138195778,4.030710172744722,2.815099168266155,68.01023672424824,1.9193857965451053,0.4807371685846198
E01000367,6.393298059964726,23.015873015873016,3.747795414462081,62.96296296296296,3.880070546737213,0.5435959706241893
E01000370,8.793324775353016,6.867779204107831,3.594351732991014,79.01155327342747,1.7329910141206675,0.3616762875283641
E01000377,3.8881309686221006,8.731241473396999,2.728512960436562,84.17462482946793,0.47748976807639837,0.28156076152685083
E01000389,17.225161669606116,4.938271604938271,3.6449147560258672,70.72310405643739,3.4685479129923578,0.4651833603430704
E01000401,15.702479338842975,7.493112947658402,2.8650137741046833,70.24793388429752,3.691460055096419,0.47406780046900254
E01000436,10.870802504268639,3.8133181559476377,2.6180990324416618,80.13659647125783,2.5611838360842345,0.34319960583716014
E01000442,10.626865671641792,8.238805970149254,2.9850746268656714,74.98507462686567,3.164179104477612,0.4177507685453331
E01000469,9.221076746849944,45.81901489117984,4.696449026345934,37.0561282932417,3.2073310423825885,0.6410089368072859
E01000476,69.75056689342404,8.435374149659863,1.3151927437641724,15.28344671201814,5.215419501133787,0.4801188805076074
E01000481,34.45532435740514,18.115055079559365,4.16156670746634,30.110159118727047,13.157894736842104,0.7387604889368964
E01000489,19.97690531177829,11.374133949191686,7.1016166281755195,47.51732101616628,14.030023094688222,0.6966382027745628
E01000504,13.351800554016622,12.299168975069252,11.745152354570637,52.853185595567865,9.750692520775624,0.6643976028422127
E01000512,24.574780058651026,8.563049853372434,6.6275659824046915,51.55425219941348,8.680351906158359,0.6545640302370981
E01000527,15.11627906976744,36.83932346723044,8.879492600422834,29.862579281183933,9.30232558139535,0.7357210062173433
E01000528,12.82051282051282,45.33799533799534,6.293706293706294,26.63170163170163,8.916083916083917,0.6951745806640912
E01000538,56.207535515750465,2.038295243977764,1.9147621988882024,31.93329215565164,7.906114885731934,0.5750650188981142
E01000559,13.850616388687452,10.804931109499638,7.4691805656272665,56.852791878172596,11.022480058013052,0.6281890220078343
E01000573,43.157262905162064,5.762304921968788,2.581032412965186,39.43577430972389,9.063625450180073,0.6460255170495569
E01000584,18.995492594977463,8.886027044430135,7.083065035415325,58.01674179008371,7.018673535093367,0.6094835868014425
E01000586,13.20754716981132,13.752620545073373,7.9245283018867925,56.35220125786164,8.763102725366876,0.6321265421111155
E01000588,37.17063989962359,19.071518193224595,4.485570890840653,32.026348808030114,7.245922208281054,0.7156309970419185
E01000595,13.73100731570062,46.03263927968486,4.895891952729319,21.215531795160384,14.124929656724817,0.7018873373870906
E01000596,17.306652244456462,44.7809626825311,7.247160627366143,19.524067063277446,11.141157382368847,0.7137309249646295
E01000625,26.99460107978404,10.377924415116976,5.93881223755249,40.551889622075585,16.136772645470906,0.7223469523251917
E01000626,13.423249839434812,31.920359666024407,6.9364161849710975,38.66409762363519,9.05587668593449,0.7175871785447783
E01000641,20.634920634920633,21.55657962109575,7.014848950332821,37.94162826420891,12.852022529441884,0.7455564181197203
E01000643,15.909090909090908,31.327985739750446,8.55614973262032,33.33333333333333,10.87344028520499,0.7462907622942225
E01000659,1.6337644656228727,3.8121170864533696,3.7440435670524166,90.40163376446563,0.4084411164057182,0.17961585033279093
E01000664,7.798440311937613,7.258548290341932,6.29874025194961,74.9250149970006,3.719256148770246,0.42192329380554594
E01000682,15.519399249061328,3.44180225281602,2.690863579474343,75.71964956195244,2.6282853566958697,0.39996882836962977
E01000685,12.915129151291513,3.6285362853628538,3.198031980319803,77.79827798277982,2.4600246002460024,0.37511819767644183
E01000694,9.722222222222223,4.079861111111112,6.119791666666666,78.125,1.953125,0.37440509560667434
E01000706,6.540697674418605,10.755813953488373,6.613372093023257,74.49127906976744,1.5988372093023258,0.4246288111817198
E01000718,8.341416100872939,18.13773035887488,9.21435499515034,61.396702230843836,2.909796314258002,0.5738517217470821
E01000726,9.541984732824428,4.885496183206107,2.8244274809160306,80.68702290076337,2.0610687022900764,0.3362461395023598
E01000731,6.681190994916484,7.334785766158316,5.228758169934641,79.15758896151053,1.597676107480029,0.3605746233510484
E01000762,11.683848797250858,5.211912943871707,6.013745704467354,74.79954180985109,2.290950744558992,0.4199938593072826
E01000775,7.6855511638120335,6.280193236714976,5.884936319718928,76.59200702678963,3.557312252964427,0.3987868989873916
E01000796,5.905256327060351,35.626216742375085,9.798831927319922,43.153796236210255,5.515898767034393,0.6707208252392636
E01000811,11.510263929618768,1.9794721407624634,3.812316715542522,82.11143695014663,0.5865102639296188,0.3106429683267259
E01000842,10.566829951014697,2.44926522043387,5.248425472358292,74.52764170748776,7.207837648705389,0.42484749326776494
E01000857,12.32876712328767,5.191059841384282,5.767844268204758,72.02595529920693,4.686373467916366,0.45780860383965005
E01000879,11.855273287143957,2.232486528098537,5.542725173210162,75.13471901462664,5.234795996920708,0.41511176063069766
E01000882,9.422283356258596,1.3755158184319118,6.8088033012379645,76.96011004126547,5.433287482806053,0.39105895797581613
E01000894,10.526315789473683,0.864100549882168,5.498821681068343,80.12568735271013,2.9850746268656714,0.34291765219875736
E01000907,8.051420838971584,10.081190798376184,8.592692828146143,65.8998646820027,7.374830852503384,0.5362529549312334
E01000929,19.094693028095733,19.979188345473464,6.39958376690947,39.28199791883455,15.244536940686784,0.7419798791797912
E01000935,15.236318407960198,21.082089552238806,7.027363184079602,46.766169154228855,9.888059701492537,0.6989167966139452
E01000943,25.851197982345525,4.918032786885246,7.503152585119799,56.36822194199244,5.359394703656998,0.6045131661177803
E01000947,19.173157579388857,10.784901138406232,6.7106051527860995,59.556620730976626,3.7747153984421806,0.5909804165121497
E01000952,30.303030303030305,16.0427807486631,5.28817587641117,43.731431966726085,4.634581105169341,0.6862473252323309
E01000955,28.921933085501863,16.059479553903348,6.691449814126393,41.33828996282528,6.988847583643122,0.7103141194842526
E01000961,21.862799776910204,14.221974344673733,6.8600111544896825,46.62576687116564,10.429447852760736,0.6989958159776712
E01000963,36.44859813084112,4.205607476635514,5.036344755970925,43.40602284527518,10.903426791277258,0.6625480256510623
E01000980,14.142761841227486,30.687124749833224,10.206804536357572,41.42761841227485,3.5356904603068715,0.7025355128902924
E01000981,8.85057471264368,23.50574712643678,8.218390804597702,55.804597701149426,3.620689655172414,0.617434271370062
E01000996,27.53188297074269,35.033758439609905,7.726931732933233,25.806451612903224,3.900975243810953,0.7273735162973038
E01001014,18.833535844471445,28.821385176184688,10.449574726609963,37.27825030376671,4.6172539489671935,0.729444509241447
E01001031,19.461697722567287,6.211180124223603,4.278812974465148,66.11456176673568,3.9337474120082816,0.5177745676440428
E01001046,41.02964118564743,11.492459698387936,5.512220488819553,35.36141445657826,6.6042641705668235,0.6860061401936057
E01001058,9.506263817243921,10.685335298452468,7.148120854826824,70.5232129697863,2.1370670596904935,0.4766268302841946
E01001062,21.164021164021165,9.523809523809524,5.423280423280423,61.57407407407407,2.314814814814815,0.5635244324067076
E01001063,14.74025974025974,13.05194805194805,6.298701298701298,63.76623376623377,2.142857142857143,0.5501973351324001
E01001070,14.18994413407821,14.35754189944134,7.877094972067039,60.78212290502793,2.793296089385475,0.5828188882993663
E01001093,24.665178571428573,13.504464285714285,6.584821428571429,52.51116071428571,2.734375,0.6400999730947067
E01001098,15.885947046843176,6.720977596741344,5.7026476578411405,70.3326544467074,1.3577732518669383,0.47214191265360794
E01001102,12.749003984063744,4.249667994687915,5.577689243027888,76.02921646746348,1.394422310756972,0.4005906431820305
E01001105,11.13033448673587,8.131487889273355,7.7854671280276815,71.56862745098039,1.384083044982699,0.46253969394257477
E01001106,11.118508655126497,9.254327563249001,5.725699067909454,70.50599201065246,3.395472703062583,0.47753284125382756
E01001120,13.683431952662723,10.650887573964498,6.06508875739645,68.04733727810651,1.5532544378698225,0.5029684272259374
E01001121,14.069591527987896,3.5552193645990924,4.16036308623298,76.39939485627836,1.8154311649016641,0.3931935063775833
E01001123,17.364532019704434,9.298029556650246,5.357142857142857,65.51724137931035,2.4630541871921183,0.5284745140624619
E01001125,19.84223300970874,11.04368932038835,6.553398058252427,59.04126213592234,3.5194174757281553,0.5943118755302101
E01001128,8.4946908182386,35.352904434728295,7.432854465958775,45.22173641474079,3.497813866333541,0.6565524904211569
E01001130,12.104072398190045,43.55203619909502,10.180995475113122,29.468325791855204,4.6945701357466065,0.6962637691693454
E01001158,6.540222367560497,26.74950948332243,8.829300196206672,55.2648790058862,2.6160889470241986,0.6102681918915785
E01001159,15.673175745118192,21.223021582733814,8.83864337101747,47.99588900308325,6.269270298047276,0.6882904189055157
E01001169,18.808091853471844,29.524330235101147,6.34226353198469,41.17003827227993,4.155276107162384,0.7022106927423166
E01001237,11.11111111111111,3.917790622992935,5.459216441875402,75.08028259473346,4.431599229287091,0.41747031761176345
E01001249,17.738631708316262,15.731257681278166,7.906595657517411,44.94059811552643,13.682916837361736,0.7168474649831056
E01001270,28.85600455321571,11.667615253272624,5.293113261240752,42.914058053500284,11.26920887877063,0.7034569260157516
E01001271,32.44653103808034,11.163275952008346,4.694835680751173,42.04486176317162,9.650495565988523,0.6939659946191572
E01001283,15.212527964205815,16.387024608501118,7.718120805369128,49.55257270693512,11.129753914988815,0.6861146144568062
E01001294,71.77339901477833,5.073891625615764,1.3300492610837438,9.408866995073891,12.413793103448276,0.45784367492538025
E01001295,69.73757677275265,4.96929089893914,2.0658849804578447,11.948632049134561,11.2786152987158,0.48377316821716365
E01001306,11.348383160463698,3.8438071995118976,7.5045759609518,72.66625991458207,4.636973764490543,0.449823382983642
E01001318,27.566735112936346,17.248459958932237,4.414784394250513,40.34907597535934,10.420944558521562,0.7186431405453495
E01001320,19.112207151664613,21.948212083847103,6.350184956843403,42.971639950678174,9.617755856966708,0.717361160735327
E01001326,22.97090352220521,14.854517611026033,11.128126595201634,37.774374680959674,13.272077590607454,0.7524794270289792
E01001329,28.58590978205778,15.306639635073493,6.031424227065383,37.50633552965028,12.569690826153066,0.7347452134479435
E01001346,19.49974476773864,8.269525267993874,4.0326697294538025,49.617151607963244,18.580908626850434,0.6728000581601232
E01001363,80.7035175879397,7.537688442211055,1.507537688442211,2.512562814070352,7.738693467336684,0.3361652483523144
E01001394,11.611611611611613,12.112112112112113,4.054054054054054,58.05805805805806,14.164164164164164,0.6130670209749289
E01001397,17.305029995385325,12.967235809875405,5.906783571758191,47.02353484079372,16.797415782187354,0.7004130634263288
E01001405,6.232609905397886,7.0673344462993875,5.286588759042849,73.40011129660546,8.013355592654424,0.4431469130675654
E01001408,3.659268146370726,7.138572285542892,6.35872825434913,77.9244151169766,4.919016196760648,0.3798805925677491
E01001409,17.73955773955774,17.395577395577398,7.125307125307126,46.09336609336609,11.646191646191646,0.7071699798972526
E01001429,10.65749892565535,37.34422002578427,5.28577567683713,29.694886119467125,17.017619252256125,0.7292501896146746
E01001451,7.701564380264742,5.7160048134777375,3.9711191335740073,74.90974729241877,7.701564380264742,0.4221459074578494
E01001456,5.667144906743185,4.304160688665711,6.312769010043041,74.96413199426112,8.751793400286944,0.421329164342365
E01001460,14.211274277593558,26.859308384651825,3.7423022264329706,45.42870677404074,9.758408337280908,0.6903618478112326
E01001461,11.28725428027901,30.437539632213063,3.487634749524413,39.8858592263792,14.901712111604311,0.7121047685720019
E01001478,10.970464135021098,20.313441832429174,6.088004822182038,46.292947558770344,16.335141651597347,0.7020075348411009
E01001485,11.206434316353887,30.080428954423592,5.3083109919571045,36.62198391420912,16.782841823056298,0.7318571972773469
E01001497,13.476157567380787,12.992398064961991,3.9391845196959228,50.51831375259157,19.07394609536973,0.6718158151006133
E01001500,15.166771554436753,6.230333543108873,4.7199496538703585,62.177470106985524,11.70547514159849,0.5705818122626412
E01001524,15.556978233034572,11.587708066581307,6.402048655569782,55.12163892445583,11.331626120358514,0.6415918394782617
E01001532,7.951807228915662,3.6746987951807233,6.506024096385541,74.57831325301206,7.289156626506024,0.4265880389025982
E01001547,8.445297504798464,20.201535508637235,7.485604606525912,48.464491362763916,15.403071017274472,0.6878479117008853
E01001563,7.085253456221198,4.838709677419355,7.200460829493087,72.2926267281106,8.582949308755762,0.4574648537875087
E01001565,10.925373134328359,7.522388059701493,6.567164179104477,64.29850746268657,10.686567164179104,0.5532421474715972
E01001573,16.77215189873418,28.29113924050633,5.443037974683544,45.88607594936709,3.6075949367088604,0.6770132991507771
E01001606,5.088902513795217,2.8816676885346415,3.740036787247088,86.57265481299817,1.7167381974248928,0.24540394359589512
E01001641,7.671673819742489,14.645922746781114,5.686695278969957,69.04506437768241,2.9506437768240343,0.491837665088692
E01001673,38.55773238849521,18.757815756565236,3.1263026260942057,33.13880783659858,6.4193413922467695,0.7012283324248796
E01001677,19.89843028624192,33.65650969529086,6.094182825484765,33.74884579870729,6.602031394275161,0.7251581351688012
E01001684,10.610263522884882,19.070735090152567,6.51872399445215,60.19417475728155,3.6061026352288486,0.584489295765436
E01001700,22.485207100591715,29.163144547759934,4.733727810650888,32.75570583262891,10.862214708368555,0.7430594309780212
E01001710,17.3371104815864,39.32011331444759,5.042492917847025,35.12747875354108,3.1728045325779037,0.6883920102079304
E01001714,13.310580204778159,20.28278888347148,7.898586055582643,47.63529985372989,10.872745002437835,0.6961710892000453
E01001724,9.668508287292818,10.600828729281767,7.63121546961326,63.60497237569061,8.494475138121548,0.5618158309422789
E01001731,12.893553223388308,24.2503748125937,6.746626686656672,46.36431784107946,9.745127436281859,0.6955541157457253
E01001738,5.916140149339459,7.524411257897761,7.294658242389432,71.0511200459506,8.213670304422745,0.47394444424282955
E01001744,6.970912738214643,21.464393179538614,6.519558676028084,54.86459378134403,10.180541624874625,0.6334414477132502
E01001747,10.09016745384285,14.727350794332331,7.986260197509661,60.455130957492486,6.74109059682267,0.5917248145869625
E01001760,8.994708994708994,22.063492063492063,7.671957671957672,53.91534391534392,7.3544973544973535,0.6412485652697293
E01001763,8.088235294117647,26.838235294117645,5.392156862745098,53.55392156862745,6.127450980392156,0.6279646049596309
E01001768,16.890080428954423,13.780160857908847,6.541554959785523,58.284182305630026,4.504021447721179,0.6064708292304264
E01001795,15.29051987767584,17.813455657492355,7.64525993883792,56.34556574923547,2.90519877675841,0.6207167840342658
E01001803,3.325942350332594,6.1529933481153,6.984478935698448,77.71618625277162,5.82039911308204,0.3828613182826043
E01001807,3.861003861003861,15.223386651958082,4.026475455046883,64.20297848869278,12.6861555432984,0.5454167654151895
E01001834,7.977922729553437,18.364274962368288,8.73055694932263,55.9959859508279,8.931259407927747,0.6307565692165429
E01001835,11.075181891673404,9.943411479385611,8.56911883589329,65.80436540016169,4.607922392886015,0.5353591662097453
E01001836,5.382131324004305,18.998923573735198,10.010764262648008,60.97954790096879,4.628632938643703,0.5769928659240986
E01001873,8.050565535595476,11.776447105788424,8.183632734530939,62.80771789753826,9.181636726546905,0.570041996291294
E01001881,9.411764705882353,7.433155080213903,5.240641711229946,72.99465240641712,4.919786096256685,0.4476278989962539
E01001886,10.052562417871222,15.965834428383705,6.636005256241787,61.62943495400789,5.716162943495401,0.5769139782532493
E01001919,4.958145524790727,3.670315518351577,3.9278815196394077,83.00064391500322,4.443013522215067,0.30376700642546717
E01001925,7.238095238095238,3.8730158730158735,5.777777777777778,80.12698412698413,2.984126984126984,0.3469988410178888
E01001940,10.646636185499673,19.725669497060743,7.7726975832789025,53.690398432397124,8.164598301763554,0.6487812723846516
E01001941,14.65901848311026,9.496494582536648,8.540471637985979,58.76354365838113,8.540471637985979,0.6095896392866733
E01001951,6.987475280158208,6.987475280158208,6.526038233355306,74.81872116018458,4.680290046143705,0.4240015052433658
E01001954,10.177281680892975,18.122127380170717,6.828627708470125,57.97767564018385,6.894287590282337,0.6112439206407854
E01001958,14.782608695652174,37.04347826086957,9.507246376811594,28.115942028985508,10.55072463768116,0.741704347826087
E01001963,6.253458771444382,3.154399557277255,7.858328721638075,77.9192030990592,4.814609850581074,0.3794608006923824
E01001964,5.997552019583844,12.607099143206854,6.915544675642595,69.58384332925337,4.8959608323133414,0.4891383977863305
E01001979,10.501089324618738,32.94117647058823,9.62962962962963,35.947712418300654,10.980392156862745,0.7299069208898763
E01001989,6.616366802089379,5.107370864770749,6.674405107370865,76.90075449796866,4.7011027278003485,0.39497643604384236
E01002011,8.767908309455587,7.392550143266476,10.659025787965616,67.50716332378224,5.673352435530086,0.516545512762621
E01002019,4.952658412235979,3.423160961398398,6.117989803350328,81.93736343772761,3.5688273852876913,0.31998552884179265
E01002024,5.8869701726844585,5.572998430141287,6.907378335949764,76.21664050235479,5.416012558869702,0.4048263913704595
E01002046,10.346964064436182,29.36802973977695,5.762081784386617,40.954151177199506,13.568773234200743,0.7135903471636809
E01002061,5.167958656330749,5.749354005167959,7.10594315245478,78.35917312661499,3.6175710594315245,0.37364958703069395
E01002065,5.315822388993121,10.506566604127581,6.566604127579738,70.91932457786116,6.6916823014384,0.47439045901499566
E01002072,10.42223409941208,31.587386424371992,6.680919294494922,39.337252805986104,11.972207375734902,0.7158226164865235
E01002082,9.084507042253522,42.112676056338024,3.6619718309859155,29.859154929577464,15.28169014084507,0.7005485022812934
E01002087,7.85639958376691,17.32570239334027,6.035379812695109,59.833506763787724,8.949011446409989,0.5941537875153895
E01002093,14.037940379403793,27.15447154471545,5.799457994579946,39.13279132791328,13.875338753387535,0.7308036809365384
E01002096,9.875813128326435,24.89651094027203,7.746895328208161,44.6481371969249,12.83264340626848,0.7064484778881203
E01002107,59.07590759075908,3.905390539053905,3.4103410341034106,29.15291529152915,4.455445544554455,0.5613411176101109
E01002118,30.933333333333334,7.893333333333333,4.053333333333333,50.18666666666667,6.933333333333333,0.6397622044444444
E01002123,40.38686987104337,5.920281359906213,2.7549824150058617,43.96248534583822,6.97538100820633,0.6344905024539279
E01002136,37.21044849679645,6.899950714637752,4.2878265155248885,43.765401675702314,7.836372597338591,0.6572568627255704
E01002137,17.70416904625928,4.9685893774985725,5.768132495716733,68.53226727584237,3.026841804683038,0.4922770736213067
E01002146,51.47159479808351,2.8062970568104038,3.764544832306639,38.46680355920603,3.4907597535934287,0.5836747448256541
E01002151,30.46526449968133,15.423836838750796,5.544933078393881,41.427660930529,7.138304652644997,0.703602014980333
E01002154,53.390108090402876,7.4353095316082545,4.356370782836554,29.02063544055028,5.797576154602031,0.6199425393224988
E01002164,33.07453416149068,6.780538302277432,8.022774327122153,46.42857142857143,5.693581780538302,0.6607705464038167
E01002165,52.86443562110039,3.800340328984685,1.6449234259784458,34.82699943278503,6.8633011911514465,0.5928178294037423
E01002170,54.824561403508774,5.263157894736842,2.923976608187134,29.678362573099413,7.309941520467836,0.6023776546629732
E01002174,66.26198083067094,5.111821086261981,1.4696485623003195,22.236421725239616,4.920127795527156,0.5062393206014145
E01002175,62.5615763546798,4.2223786066150595,1.688951442646024,28.36030964109782,3.166783954961295,0.5251032442388006
E01002190,50.669772859638904,1.57251019219569,2.5043680838672104,40.94350611531741,4.309842748980781,0.5728884033012571
E01002191,55.78163771712159,2.8784119106699753,2.6799007444168734,31.811414392059557,6.848635235732011,0.5814071880252941
E01002193,37.01899659035558,6.916707257671701,5.455431076473453,43.156356551388214,7.452508524111057,0.6633980329832265
E01002199,58.572339069471,5.098789037603569,1.7845761631612493,27.724665391969406,6.8196303377947745,0.5724934305157974
E01002201,62.27405247813411,4.139941690962099,1.3411078717201166,26.93877551020408,5.3061224489795915,0.5349152138989707
E01002214,48.32635983263599,9.623430962343097,3.1380753138075312,28.870292887029287,10.0418410041841,0.6627772623028308
E01002218,49.394939493949394,7.975797579757976,4.730473047304731,29.31793179317932,8.58085808580858,0.6540976979986227
E01002225,30.45220377790498,2.346880366342301,2.919290211791643,58.44304522037779,5.838580423583286,0.5608954626280591
E01002230,46.8189233278956,3.6976617727025554,1.7400761283306143,41.97933659597607,5.76400217509516,0.5995799428786184
E01002232,37.099023709902376,8.135750813575081,3.812180381218038,33.61227336122734,17.340771734077173,0.7112451994369327
E01002235,43.335103558151886,12.639405204460965,2.496016994158258,32.023366967604886,9.506107275624004,0.684022202736901
E01002247,17.492946392583637,13.825070536074163,5.521966948810963,60.0161225312374,3.143893591293833,0.5860553101597128
E01002249,24.58448753462604,15.189289012003693,5.170821791320406,50.80794090489381,4.247460757156047,0.6538663292093285
E01002250,21.62752594210814,14.36373566357182,4.478427089022392,54.833424358274165,4.696886947023485,0.627711173637109
E01002277,3.829524397776405,7.906114885731934,2.964793082149475,84.06423718344658,1.2353304508956144,0.28457160777228097
E01002299,9.045780474351902,8.439051296194153,2.7578599007170435,77.60617760617761,2.151130722559294,0.38120043115709334
E01002301,10.109622411693058,5.84652862362972,4.080389768574909,77.95371498172959,2.0097442143727164,0.37661433058226435
E01002339,10.042347247428918,5.565638233514822,3.38777979431337,79.491833030853,1.5124016938898972,0.3535459003392244
E01002352,13.668341708542714,9.698492462311558,4.0703517587939695,70.30150753768845,2.261306532663317,0.47551324461503497
E01002363,5.671843349088454,2.5658338960162053,2.9034436191762323,87.84604996623902,1.012829169480081,0.22348623869942075
E01002364,3.758290346352248,2.284450994841562,1.915991156963891,91.00957995578482,1.0316875460574797,0.169317749229004
E01002369,15.75609756097561,18.146341463414632,3.8048780487804876,59.95121951219512,2.341463414634146,0.5808347412254611
E01002411,16.854990583804145,20.15065913370998,5.979284369114877,53.24858757062147,3.766478342749529,0.642450994995762
E01002415,19.055944055944053,3.4382284382284385,5.594405594405594,68.997668997669,2.9137529137529135,0.4824583924234275
E01002425,29.66252220248668,11.486086441681469,3.6708111308466544,45.88513913558319,9.295441089402013,0.6782878521944488
E01002442,7.164727495407226,2.1432945499081444,3.4292712798530314,84.50704225352112,2.7556644213104717,0.27832791900367837
E01002443,59.74596971177333,4.2012701514411335,3.419638495359062,25.109916951636542,7.523204689789936,0.5713967966752971
E01002449,52.429906542056074,5.5607476635514015,4.252336448598131,29.11214953271028,8.644859813084112,0.6279849768538737
E01002455,36.5433350228079,10.390268626457171,4.7136340598074,38.874809934110495,9.47795235681703,0.6933326208939795
E01002457,32.276119402985074,11.007462686567164,5.286069651741294,45.95771144278607,5.472636815920398,0.6667084354347664
E01002493,38.32665330661323,21.492985971943888,3.857715430861723,24.899799599198396,11.422845691382765,0.7303755808209605
E01002504,37.97177551690187,13.357400722021662,5.54643912044634,33.83656055136199,9.287824089268133,0.7117784616869353
E01002506,52.33960443801254,18.958031837916064,3.183791606367583,15.822479498311626,9.696092619392186,0.6546657237553839
E01002511,22.897483118477595,6.445672191528545,5.095150399017802,60.896255371393494,4.665438919582566,0.5678077780679451
E01002518,25.075757575757574,5.606060606060606,4.393939393939394,57.57575757575758,7.348484848484849,0.5951503673094581
E01002538,13.017751479289942,3.076923076923077,4.615384615384616,76.03550295857988,3.2544378698224854,0.4007779839641469
E01002547,56.11175785797439,11.466821885913852,5.238649592549476,14.144353899883585,13.038416763678695,0.6322476117422728
E01002572,8.98513251454428,11.376858435681966,6.91661279896574,67.03296703296702,5.688429217840983,0.5216218057010484
E01002583,68.19690265486726,2.5442477876106198,2.765486725663717,16.095132743362832,10.398230088495575,0.496788486764821
E01002586,71.45187601957585,2.066340402392605,1.9032082653616094,14.790647090810221,9.787928221859707,0.45721706686820907
E01002592,36.932344763670066,7.32159406858202,4.726598702502317,45.78313253012048,5.236329935125116,0.6436541059797757
E01002594,47.11496746203905,4.772234273318872,3.600867678958785,37.00650759219089,7.505422993492409,0.6318626394568065
E01002600,27.78450363196126,9.987893462469733,3.14769975786925,55.02421307506054,4.0556900726392255,0.6074242681847228
E01002610,18.537414965986397,12.641723356009072,6.972789115646258,54.93197278911565,6.91609977324263,0.6382577218340095
E01002630,58.81782945736435,4.312015503875969,3.14922480620155,24.12790697674419,9.593023255813954,0.5837769853073732
E01002631,61.8657937806874,4.528096017457719,2.073104200763775,11.020185488270595,20.51282051282051,0.5605601851727839
E01002666,64.30107526881721,4.301075268817205,2.043010752688172,20.64516129032258,8.709677419354838,0.5340617412417621
E01002672,24.49748743718593,19.032663316582916,5.0879396984924625,44.346733668341706,7.035175879396985,0.699561721926214
E01002675,34.93788819875777,7.49223602484472,5.667701863354037,45.57453416149068,6.327639751552796,0.6574010334284943
E01002679,33.7823275862069,3.771551724137931,4.579741379310344,49.730603448275865,8.135775862068966,0.6284231941141498
E01002683,23.650306748466257,5.214723926380368,7.730061349693251,58.22085889570552,5.184049079754601,0.593717302119011
E01002692,14.959504525964745,4.144830871843736,9.861838970938543,61.83897093854216,9.194854692710814,0.5753174053934801
E01002694,12.949640287769784,18.04556354916067,8.333333333333332,51.97841726618705,8.69304556354916,0.6659895105498335
E01002696,6.121281464530892,5.835240274599542,5.034324942791762,80.37757437070938,2.631578947368421,0.3435655787064915
E01002715,19.135071090047393,25.770142180094783,8.056872037914692,36.72985781990521,10.308056872037914,0.744949714741358
E01002719,7.056451612903227,4.905913978494623,6.451612903225806,77.88978494623656,3.696236559139785,0.3804034425945195
E01002732,11.523545706371191,25.20775623268698,8.9196675900277,44.21052631578947,10.138504155124654,0.7094856546527422
E01002733,10.657439446366782,9.550173010380623,7.82006920415225,65.25951557093425,6.71280276816609,0.5430193604003783
E01002739,5.55858310626703,6.103542234332425,7.084468664850137,76.94822888283379,4.305177111716621,0.39420947516129756
E01002742,3.6999999999999997,22.1,5.050000000000001,61.95,7.199999999999999,0.5582754999999999
E01002753,8.933518005540165,16.82825484764543,7.963988919667591,56.64819944598338,9.626038781163434,0.6271897852226426
E01002756,4.51761102603369,13.705972434915772,6.431852986217458,70.59724349157733,4.747320061255743,0.4743860941021415
E01002764,10.730088495575222,13.827433628318584,7.411504424778761,57.30088495575221,10.730088495575222,0.6240210666457828
E01002768,6.222775357809583,10.329807093963908,8.21406347230865,70.81518357187305,4.418170504044804,0.47527908585997247
E01002804,7.901554404145078,24.22279792746114,8.095854922279793,52.84974093264248,6.930051813471502,0.6444157896856292
E01002807,8.396946564885496,19.495008807985908,7.516147974163241,55.54903112155021,9.04286553141515,0.6325475164031282
E01002817,10.483271375464684,1.6356877323420074,8.178438661710038,70.18587360594796,9.516728624535316,0.48039137104241236
E01002820,15.451895043731778,1.1661807580174928,5.830903790087463,70.8454810495627,6.705539358600583,0.4661833079754182
E01002830,21.187427240977883,14.260768335273575,5.9371362048894065,48.83585564610012,9.778812572759023,0.6831907855060639
E01002833,8.477366255144032,7.818930041152264,7.242798353909465,72.67489711934157,3.7860082304526745,0.45185659367643827
E01002835,16.065109695682946,2.6185421089879686,5.9447983014862,66.59589525831564,8.775654635527246,0.518768948130518
E01002840,13.606089438629876,13.606089438629876,7.706945765937203,48.43006660323502,16.65080875356803,0.6947630863995234
E01002843,14.872192099147947,15.491866769945778,6.584043377226956,50.11618900077459,12.935708752904725,0.6816505378053749
E01002853,8.485273492286115,13.604488078541374,18.513323983169705,43.12762973352034,16.269284712482467,0.7275492801488683
E01002866,17.113176599234553,15.746309458720612,6.178239475123018,51.39420448332422,9.568069983597596,0.6688110064416883
E01002870,5.541561712846348,24.055415617128464,8.816120906801007,48.551637279596974,13.035264483627204,0.678572448273893
E01002871,10.641200545702592,1.5688949522510234,5.184174624829468,77.96725784447476,4.638472032742155,0.3757019034448873
E01002873,5.066079295154185,12.187958883994126,8.076358296622614,66.88693098384728,7.782672540381791,0.5226129407173091
E01002879,23.049281314168375,14.887063655030802,12.73100616016427,36.90965092402464,12.42299794661191,0.7568374239466372
E01002887,17.478510028653297,1.3371537726838587,5.730659025787966,64.94746895893027,10.506208213944603,0.533131911889065
E01002891,18.251273344651953,1.1884550084889642,3.65025466893039,66.383701188455,10.526315789473683,0.5134555129265741
E01002893,9.924146649810368,4.171934260429835,9.165613147914033,68.26801517067004,8.470290771175728,0.5067830092331396
E01002915,27.85355348169419,3.4458004307250536,4.1636755204594404,56.568557071069634,7.968413496051687,0.5931472561247422
E01002930,27.027027027027028,3.7225905150433456,6.323304436511984,57.98062213156553,4.946455889852117,0.5829477982307208
E01002946,7.5596816976127315,1.1936339522546418,4.310344827586207,85.07957559681698,1.8567639257294428,0.268086562207572
E01002947,8.353510895883778,2.1791767554479415,4.418886198547216,82.56658595641646,2.4818401937046004,0.3082542841899759
E01002949,11.484290357529794,1.7334777898158178,4.658721560130011,77.6273022751896,4.496208017334778,0.37971884981025406
E01002951,16.901408450704224,1.341381623071764,4.963112005365526,67.40442655935614,9.389671361502346,0.5056387958873294
E01002964,13.354531001589825,5.246422893481717,5.365659777424484,69.79332273449921,6.24006359300477,0.48552949517365485
E01002981,37.242669993761695,2.8072364316905802,4.553961322520275,46.60012476606363,8.796007485963818,0.6335423015719512
E01002990,9.607498535442296,1.9917984768599881,5.272407732864675,77.91446983011132,5.213825424721734,0.377808184295068
E01002993,12.977099236641221,2.2264631043257,4.643765903307888,75.69974554707379,4.4529262086514,0.40547931679713034
E01003053,5.253731343283582,13.313432835820896,6.865671641791045,70.98507462686567,3.582089552238806,0.46963011806638466
E01003054,5.801735952489722,11.786203746002741,5.801735952489722,73.64093193238922,2.9693924166285974,0.43619609739381726
E01003069,3.301540719002201,27.21936903888481,8.51063829787234,58.54732208363903,2.421129860601614,0.5742124020801295
E01003073,4.130162703379224,30.851063829787233,10.262828535669586,51.50187734668336,3.254067584480601,0.6262795640984272
E01003076,9.050609530845954,36.091614333210195,6.57554488363502,40.96786110084965,7.314370151459181,0.6840378397535211
E01003128,5.048661800486618,34.12408759124087,8.394160583941606,42.88321167883212,9.549878345498783,0.6809425707875278
E01003129,4.192286193404136,20.458356623812186,7.3225265511458915,62.43711570709893,5.589714924538849,0.5580622654874003
E01003157,6.455696202531645,10.69620253164557,6.645569620253164,75.0632911392405,1.139240506329114,0.4163956096779362
E01003177,5.09433962264151,24.0251572327044,6.855345911949685,56.22641509433962,7.79874213836478,0.6127613622878842
E01003196,10.928652321630803,36.18346545866365,8.720271800679502,38.27859569648924,5.889014722536806,0.6995346862659342
E01003199,8.206686930091186,9.77710233029382,7.852077001013172,70.51671732522796,3.64741641337386,0.47894923776059384
E01003204,10.542540073982737,25.030826140567203,7.706535141800247,54.069050554870536,2.651048088779285,0.6272431623743198
E01003219,12.354312354312354,33.15850815850816,7.983682983682984,38.46153846153847,8.041958041958042,0.7140182078993267
E01003220,5.335731414868105,33.093525179856115,7.434052757793765,49.700239808153476,4.436450839328537,0.6331287487995215
E01003245,11.278195488721805,50.27568922305764,6.165413533834586,27.769423558897245,4.511278195488721,0.6515652539870982
E01003271,11.00861008610086,12.976629766297663,5.350553505535055,65.19065190651907,5.4735547355473555,0.5402008263625071
E01003302,8.768154922001075,37.278106508875744,9.575040344271113,36.84776761699838,7.530930607853685,0.7027307942605663
E01003305,8.235294117647058,39.73856209150327,12.418300653594772,35.38126361655773,4.226579520697168,0.6929114633023385
E01003308,6.584821428571429,20.982142857142858,10.267857142857142,58.31473214285714,3.850446428571429,0.5995526994977678
E01003314,4.860267314702309,20.23086269744836,9.781287970838397,62.575941676792226,2.551640340218712,0.5549157056615028
E01003323,6.6006600660066,28.71287128712871,8.316831683168317,48.25082508250825,8.118811881188119,0.6668775392390724
E01003343,2.821748107364074,22.98692360633173,7.91465932553338,62.2849277357192,3.9917412250516175,0.5505651027444465
E01003346,8.463385354141657,36.91476590636255,6.182472989195678,44.89795918367347,3.5414165666266504,0.6499079824006433
E01003355,14.704225352112676,2.140845070422535,7.211267605633803,70.70422535211267,5.23943661971831,0.4700660979964293
E01003357,21.26068376068376,18.055555555555554,5.715811965811966,49.09188034188034,5.876068376068376,0.6744768838118198
E01003362,13.347763347763347,2.4531024531024532,4.68975468975469,76.40692640692642,3.1024531024531026,0.39461820847102225
E01003367,17.78445111778445,8.942275608942275,6.806806806806807,59.65965965965966,6.806806806806807,0.5951808776856047
E01003372,17.930629041740154,17.695473251028808,6.525573192239858,52.85126396237507,4.997060552616108,0.6504552946515192
E01003378,17.61819803746655,19.491525423728813,5.976806422836753,51.739518287243534,5.173951828724353,0.6570209789430712
E01003380,17.23147616312464,2.8144744399770247,6.145893164847789,71.51062607696727,2.2975301550832854,0.45383346733393126
E01003386,30.95659875996457,17.62621789193977,5.137289636846766,38.21966341895482,8.060230292294065,0.717890370700456
E01003394,31.11650485436893,13.446601941747574,4.466019417475728,44.5631067961165,6.407766990291262,0.6804076727307005
E01003398,26.527415143603132,18.79895561357702,6.7885117493472595,41.72323759791123,6.161879895561357,0.7118014302367595
E01003401,20.78291814946619,3.2740213523131674,5.907473309608541,67.40213523131673,2.6334519572953736,0.4972469953521359
E01003411,15.74028529267093,21.692080668962124,8.607968519429415,48.499754058042306,5.459911460895229,0.6825563156273673
E01003413,20.16361886429259,22.617901828681426,9.672762271414822,40.279114533205004,7.266602502406159,0.7313086081697345
E01003419,14.786418400876233,6.571741511500548,5.531215772179627,69.49616648411829,3.614457831325301,0.48647982350591257
E01003434,25.54697554697555,25.28957528957529,4.761904761904762,38.030888030888036,6.370656370656371,0.7198179978102757
E01003436,20.72538860103627,10.938399539435808,5.238917674150835,58.318940702360386,4.778353483016695,0.5999431917801091
